0 0.560451 0.442396 0.067623 0.027650
0 0.497951 0.448541 0.086066 0.052227
0 0.540984 0.464670 0.045082 0.047619
0 0.523566 0.482335 0.059426 0.058372
0 0.486680 0.481567 0.059426 0.038402
0 0.478484 0.497696 0.079918 0.043011
0 0.471311 0.516897 0.069672 0.035330
0 0.425205 0.503840 0.059426 0.033794
0 0.406762 0.528418 0.047131 0.039939
0 0.441598 0.536866 0.051230 0.041475
0 0.475410 0.548387 0.045082 0.049155
0 0.513320 0.578341 0.067623 0.038402
0 0.542008 0.596006 0.051230 0.046083
0 0.590164 0.587558 0.069672 0.032258
0 0.572746 0.615207 0.055328 0.041475
0 0.526639 0.629032 0.057377 0.044547
0 0.498975 0.609063 0.047131 0.032258
0 0.475410 0.625960 0.045082 0.053763
0 0.530738 0.662826 0.077869 0.038402
