0 0.544057 0.448541 0.051230 0.064516
0 0.496926 0.449309 0.079918 0.047619
0 0.482582 0.481567 0.055328 0.038402
0 0.517418 0.483103 0.051230 0.053763
0 0.476434 0.498464 0.075820 0.038402
0 0.466189 0.516897 0.059426 0.032258
0 0.414959 0.509985 0.063525 0.052227
0 0.436475 0.531490 0.053279 0.024578
0 0.469262 0.546083 0.061475 0.047619
0 0.516393 0.582949 0.065574 0.038402
0 0.543033 0.592166 0.040984 0.041475
0 0.585041 0.586022 0.063525 0.038402
0 0.572746 0.615207 0.051230 0.038402
0 0.495902 0.620584 0.081967 0.046083
0 0.529713 0.629800 0.055328 0.039939
0 0.518443 0.660522 0.057377 0.049155
