0 0.540778 0.450685 0.055365 0.026776
0 0.486781 0.429413 0.051988 0.030049
0 0.536979 0.517557 0.047896 0.030779
0 0.493322 0.490373 0.051753 0.027508
0 0.484191 0.467992 0.050320 0.028135
0 0.431935 0.457017 0.051213 0.027294
0 0.610853 0.532605 0.041358 0.033544
0 0.580068 0.499070 0.042123 0.033190
0 0.582112 0.476359 0.052924 0.022381
0 0.527397 0.464425 0.052898 0.022421
0 0.438302 0.422508 0.046652 0.025179
0 0.390110 0.406384 0.047532 0.024340
0 0.565964 0.514713 0.044290 0.028623
0 0.533655 0.485988 0.045645 0.027521
0 0.480671 0.447059 0.044910 0.020847
0 0.433700 0.438946 0.044866 0.020921
