0 0.545600 0.449617 0.065682 0.026944
0 0.484224 0.424466 0.058385 0.034727
0 0.536488 0.521762 0.054146 0.035478
0 0.489531 0.489735 0.061849 0.028540
0 0.477269 0.465354 0.056225 0.033276
0 0.616186 0.535805 0.044597 0.039663
0 0.581073 0.496793 0.048173 0.038010
0 0.595341 0.476940 0.060716 0.026192
0 0.531163 0.466369 0.063461 0.021441
0 0.437972 0.418853 0.052600 0.030376
0 0.383669 0.405950 0.053241 0.029816
0 0.567395 0.519866 0.052675 0.031691
0 0.534191 0.487685 0.054789 0.029894
0 0.481009 0.445192 0.054417 0.021900
0 0.427000 0.438392 0.051344 0.026166
0 0.442167 0.465732 0.029680 0.018290
0 0.414795 0.451609 0.029761 0.018220
