0 0.439092 0.471246 0.046314 0.024385
0 0.400171 0.448253 0.047083 0.023572
0 0.586427 0.451172 0.049148 0.022599
0 0.537639 0.442682 0.045229 0.026720
0 0.586892 0.533267 0.039880 0.025617
0 0.547641 0.513655 0.041935 0.023855
0 0.491141 0.427417 0.044394 0.024671
0 0.458800 0.401909 0.043561 0.025432
0 0.485431 0.479843 0.042671 0.024155
0 0.455991 0.457278 0.046839 0.018721
0 0.631932 0.553364 0.034782 0.028973
0 0.607764 0.524474 0.036264 0.028236
0 0.556207 0.536885 0.040988 0.025267
0 0.513391 0.520782 0.043358 0.023206
0 0.399670 0.411808 0.042074 0.020516
0 0.365002 0.391986 0.040913 0.021950
0 0.551132 0.464412 0.045536 0.013946
0 0.503558 0.464157 0.045568 0.013705
0 0.563510 0.502274 0.040317 0.022186
0 0.526903 0.483405 0.040526 0.021999
0 0.632268 0.490540 0.042886 0.020145
0 0.596773 0.471168 0.042437 0.020874
0 0.504878 0.501031 0.045945 0.013431
0 0.458995 0.491946 0.045667 0.014966
0 0.447198 0.421717 0.038870 0.020175
0 0.419354 0.399924 0.038122 0.020976
0 0.604118 0.500974 0.038212 0.022297
0 0.567284 0.483873 0.038266 0.022246
0 0.426540 0.439185 0.037473 0.016047
0 0.390703 0.426351 0.037148 0.016763
0 0.503763 0.448165 0.036944 0.015676
0 0.465701 0.441290 0.036812 0.016098
