0 0.431954 0.473520 0.055768 0.026003
0 0.386161 0.446534 0.053033 0.028870
0 0.594198 0.447424 0.055717 0.027698
0 0.544514 0.436967 0.046687 0.034635
0 0.594483 0.538081 0.043878 0.031672
0 0.548836 0.514327 0.049715 0.027382
0 0.495962 0.425464 0.051235 0.029073
0 0.457778 0.396472 0.053242 0.027178
0 0.481011 0.480175 0.046147 0.031124
0 0.443363 0.455946 0.057166 0.015842
0 0.638106 0.560150 0.040037 0.034144
0 0.614620 0.526034 0.045490 0.031318
0 0.560877 0.539664 0.048014 0.029423
0 0.507906 0.525285 0.053931 0.023135
0 0.396821 0.411741 0.051840 0.021142
0 0.362180 0.388088 0.050296 0.023561
0 0.557378 0.462440 0.054973 0.013584
0 0.500480 0.462554 0.054844 0.014674
0 0.568065 0.504546 0.048206 0.025574
0 0.522375 0.483345 0.049442 0.024283
0 0.636807 0.492961 0.052106 0.021641
0 0.612031 0.470511 0.051737 0.022236
0 0.497592 0.503402 0.054002 0.019520
0 0.451320 0.494684 0.055325 0.013585
0 0.448532 0.421590 0.047558 0.022545
0 0.417353 0.397352 0.046710 0.023637
0 0.609971 0.502609 0.046383 0.025469
0 0.564216 0.483250 0.046519 0.025343
0 0.418767 0.439347 0.047050 0.015257
0 0.378941 0.423794 0.046099 0.018631
0 0.515053 0.448237 0.046631 0.014416
0 0.467628 0.441425 0.046424 0.015222
