0 0.371343 0.445935 0.054684 0.037213
0 0.598843 0.444103 0.060205 0.034335
0 0.548658 0.515407 0.056121 0.032171
0 0.503324 0.422010 0.056295 0.034808
0 0.456944 0.390717 0.064505 0.026241
0 0.474760 0.480285 0.049387 0.037534
0 0.432572 0.454252 0.066891 0.013839
0 0.643039 0.563882 0.044001 0.039885
0 0.628319 0.529296 0.055251 0.033501
0 0.564380 0.543868 0.054784 0.033781
0 0.502044 0.531187 0.065763 0.018687
0 0.389258 0.408956 0.061864 0.020995
0 0.360113 0.386058 0.059462 0.025229
0 0.564664 0.461961 0.064308 0.014393
0 0.498407 0.461084 0.063970 0.016332
0 0.572215 0.505699 0.058366 0.026379
0 0.516377 0.483412 0.057633 0.027327
0 0.638439 0.492260 0.060214 0.024959
0 0.627470 0.472525 0.060829 0.023966
0 0.489285 0.508275 0.060233 0.026080
0 0.451171 0.419449 0.058836 0.020472
0 0.418668 0.394827 0.054957 0.026620
0 0.617904 0.504156 0.054698 0.028473
0 0.562343 0.483557 0.056634 0.026362
0 0.409174 0.438805 0.056624 0.014846
0 0.373536 0.421810 0.055410 0.019744
0 0.520658 0.447468 0.056064 0.014397
0 0.467622 0.437800 0.056121 0.013958
0 0.561070 0.442409 0.031480 0.022842
0 0.536835 0.420777 0.032544 0.022334
0 0.607091 0.553131 0.027902 0.021485
0 0.592830 0.530885 0.028305 0.021234
0 0.461380 0.499722 0.033097 0.013568
0 0.426631 0.496901 0.033144 0.013282
0 0.443766 0.483845 0.033866 0.016515
0 0.412301 0.469402 0.034177 0.016081
