0 0.552654 0.518708 0.060928 0.038050
0 0.455734 0.383351 0.076252 0.022847
0 0.643214 0.564122 0.049794 0.044834
0 0.573863 0.462323 0.072676 0.020076
0 0.573038 0.504522 0.067858 0.027598
0 0.508145 0.480534 0.060166 0.035790
0 0.643220 0.473740 0.070215 0.025219
0 0.450551 0.418052 0.069743 0.013976
0 0.423417 0.393714 0.060940 0.031957
0 0.627077 0.505097 0.063986 0.030416
0 0.563995 0.482927 0.069710 0.020804
0 0.372223 0.420018 0.065399 0.018347
0 0.530165 0.446822 0.064053 0.020790
0 0.469933 0.432543 0.065371 0.015228
0 0.568526 0.439885 0.038377 0.027211
0 0.537569 0.413957 0.040030 0.026208
0 0.610150 0.558969 0.033222 0.026620
0 0.601833 0.532278 0.035919 0.025243
0 0.454881 0.504335 0.041716 0.017130
0 0.413815 0.498649 0.042449 0.013978
0 0.440002 0.486795 0.042799 0.018491
0 0.412322 0.469254 0.044154 0.014111
0 0.653598 0.544242 0.036271 0.022230
0 0.624050 0.523348 0.036342 0.022165
0 0.515431 0.543468 0.041064 0.014485
0 0.484434 0.530521 0.040909 0.014990
0 0.658366 0.498112 0.038190 0.018458
0 0.621464 0.484916 0.038119 0.018604
0 0.372052 0.459565 0.032573 0.025198
0 0.347512 0.435511 0.035384 0.023731
0 0.620783 0.450179 0.037258 0.022851
0 0.586995 0.430565 0.036670 0.023388
0 0.442805 0.449693 0.039888 0.014671
0 0.401455 0.453838 0.040022 0.014243
0 0.502329 0.506840 0.036450 0.019181
0 0.464918 0.517878 0.037751 0.017113
0 0.579333 0.557187 0.033663 0.022071
0 0.549801 0.538145 0.034360 0.021474
0 0.419255 0.437727 0.033105 0.015456
0 0.383542 0.437825 0.033272 0.014579
0 0.516698 0.464184 0.035538 0.015945
0 0.482961 0.450724 0.034690 0.017255
0 0.524822 0.428455 0.034538 0.020077
0 0.496715 0.405764 0.034263 0.020314
0 0.482506 0.491429 0.032952 0.020448
0 0.457251 0.467599 0.032823 0.020587
0 0.401170 0.407014 0.035025 0.015013
0 0.363673 0.402897 0.034946 0.015440
0 0.375319 0.389533 0.034714 0.016050
0 0.338126 0.375644 0.034609 0.016236
