0 0.660587 0.476085 0.078015 0.029086
0 0.447616 0.415323 0.077731 0.021615
0 0.369151 0.419201 0.075213 0.016560
0 0.473782 0.427123 0.073136 0.022345
0 0.577350 0.438552 0.046157 0.030971
0 0.539618 0.408153 0.044466 0.031959
0 0.611147 0.560324 0.038966 0.031558
0 0.598680 0.530057 0.044279 0.028570
0 0.453743 0.507795 0.050681 0.018968
0 0.405644 0.500388 0.051455 0.015879
0 0.435907 0.488960 0.052136 0.019702
0 0.405769 0.470820 0.053604 0.013849
0 0.663259 0.550472 0.044496 0.025405
0 0.634148 0.524655 0.046189 0.023829
0 0.513858 0.548266 0.050532 0.014484
0 0.485466 0.533803 0.050143 0.016431
0 0.665328 0.499262 0.046427 0.021604
0 0.621687 0.481329 0.045367 0.023052
0 0.361006 0.466613 0.036180 0.031182
0 0.334773 0.435678 0.037287 0.030667
0 0.632918 0.445212 0.043057 0.028015
0 0.589335 0.425438 0.042380 0.028478
0 0.435573 0.449014 0.048423 0.018547
0 0.386094 0.453618 0.048602 0.018115
0 0.499631 0.512829 0.044323 0.022616
0 0.452374 0.523530 0.047074 0.018281
0 0.580667 0.560808 0.040134 0.026607
0 0.544532 0.537278 0.039750 0.026858
0 0.415091 0.437430 0.040963 0.019103
0 0.372600 0.436033 0.042794 0.014293
0 0.513836 0.464991 0.045360 0.014273
0 0.483344 0.447099 0.043375 0.019657
0 0.532404 0.426423 0.040268 0.025384
0 0.499043 0.402859 0.042053 0.023831
0 0.484365 0.493220 0.041869 0.022992
0 0.451085 0.469993 0.037595 0.026315
0 0.404494 0.405026 0.044717 0.013607
0 0.358043 0.401976 0.044131 0.016675
0 0.372739 0.388996 0.043959 0.017230
0 0.334650 0.373560 0.043795 0.017635
0 0.658667 0.581251 0.033924 0.027309
0 0.634524 0.554158 0.033719 0.027414
0 0.515047 0.489044 0.035654 0.024986
0 0.480463 0.469879 0.034931 0.025337
0 0.584346 0.487877 0.042719 0.014362
0 0.542418 0.479909 0.042880 0.013308
0 0.575066 0.535687 0.037614 0.024785
0 0.543358 0.512989 0.038903 0.023714
0 0.480541 0.382127 0.045749 0.015214
0 0.433447 0.375704 0.044900 0.018315
0 0.605677 0.459217 0.042614 0.018218
0 0.560491 0.464405 0.043614 0.014916
0 0.443732 0.396492 0.038190 0.020136
0 0.405817 0.383297 0.035916 0.022179
0 0.551943 0.448422 0.038416 0.015794
0 0.513576 0.439262 0.038059 0.016768
0 0.594237 0.507937 0.039271 0.017702
0 0.554466 0.497643 0.038883 0.018247
0 0.656886 0.515209 0.036339 0.020156
0 0.622400 0.499821 0.036201 0.020278
