0 0.590114 0.425928 0.059074 0.040036
0 0.547785 0.382463 0.044254 0.046945
0 0.596781 0.533241 0.050034 0.041696
0 0.444405 0.520191 0.065907 0.027360
0 0.387164 0.510666 0.068925 0.021908
0 0.421726 0.500545 0.071313 0.020049
0 0.679164 0.555913 0.058698 0.033685
0 0.644530 0.528781 0.068653 0.018728
0 0.489476 0.543904 0.068308 0.019984
0 0.687681 0.502886 0.063396 0.026989
0 0.631623 0.477485 0.064089 0.025898
0 0.344001 0.477040 0.039607 0.043978
0 0.307166 0.436479 0.042511 0.043119
0 0.657967 0.433157 0.053265 0.038751
0 0.422030 0.445954 0.061102 0.030085
0 0.359678 0.452853 0.063211 0.027532
0 0.424695 0.541646 0.065925 0.019403
0 0.592663 0.578472 0.053621 0.035295
0 0.399487 0.437475 0.055948 0.027245
0 0.348938 0.431483 0.061245 0.016455
0 0.500550 0.461340 0.064191 0.014388
0 0.486027 0.443001 0.062968 0.020121
0 0.551642 0.419798 0.043108 0.039819
0 0.508769 0.387354 0.061390 0.026651
0 0.485362 0.501871 0.056911 0.030483
0 0.438437 0.474726 0.033732 0.041934
0 0.400672 0.398078 0.058482 0.026634
0 0.338966 0.398354 0.062532 0.019090
0 0.366486 0.385647 0.063289 0.015427
0 0.331933 0.368600 0.063111 0.016282
0 0.671422 0.598911 0.050296 0.034581
0 0.499530 0.487010 0.048357 0.034192
0 0.457636 0.464974 0.031634 0.040442
0 0.584852 0.489062 0.061027 0.017350
0 0.533357 0.477285 0.061396 0.015549
0 0.582747 0.550829 0.051759 0.032995
0 0.545228 0.517759 0.054374 0.030921
0 0.491245 0.365658 0.064848 0.014077
0 0.425550 0.362162 0.062899 0.021852
0 0.622016 0.451176 0.058899 0.024691
0 0.565583 0.464341 0.061928 0.018155
0 0.452005 0.384695 0.056368 0.023652
0 0.395302 0.371036 0.052842 0.028017
0 0.568000 0.447744 0.057615 0.013898
0 0.519523 0.432892 0.056852 0.018052
0 0.605053 0.508116 0.057758 0.020375
0 0.550132 0.501325 0.050772 0.029407
0 0.691416 0.521658 0.054602 0.023815
0 0.640304 0.500578 0.049406 0.029358
0 0.380288 0.419343 0.053692 0.018989
0 0.324660 0.412231 0.053770 0.018774
0 0.502704 0.412623 0.050569 0.023785
0 0.451192 0.423030 0.053858 0.017320
0 0.700622 0.488136 0.055843 0.021116
0 0.656217 0.467134 0.056408 0.019974
0 0.474497 0.404161 0.051722 0.023490
0 0.427118 0.405576 0.050270 0.025350
0 0.648440 0.569612 0.026281 0.021639
0 0.635933 0.547153 0.026956 0.021415
0 0.509167 0.524580 0.033633 0.017471
0 0.473516 0.528397 0.033374 0.017933
0 0.410276 0.483078 0.035739 0.014437
0 0.372402 0.473876 0.035728 0.014864
0 0.552419 0.556760 0.028081 0.020266
0 0.538013 0.534749 0.029516 0.019548
0 0.633786 0.589946 0.024090 0.023352
0 0.622681 0.565929 0.023858 0.023399
0 0.522575 0.561643 0.033883 0.013613
0 0.486556 0.561053 0.033934 0.013304
0 0.614931 0.420833 0.029888 0.020098
0 0.589657 0.403343 0.029916 0.020081
