0 0.494592 0.454583 0.082916 0.015504
0 0.533619 0.422690 0.075511 0.019428
0 0.503907 0.402235 0.067921 0.028614
0 0.669784 0.574746 0.039063 0.030987
0 0.634020 0.546920 0.039400 0.030831
0 0.511404 0.538572 0.046235 0.027456
0 0.473453 0.539285 0.047817 0.026050
0 0.377345 0.494664 0.054613 0.015028
0 0.353135 0.476796 0.053809 0.018633
0 0.548310 0.572125 0.035224 0.032155
0 0.552579 0.548662 0.039886 0.030041
0 0.642054 0.618565 0.030455 0.035096
0 0.638823 0.581681 0.020469 0.036262
0 0.519141 0.580992 0.049268 0.022783
0 0.468333 0.575069 0.050590 0.020684
0 0.638030 0.418388 0.043632 0.028616
0 0.609031 0.388164 0.048224 0.024656
0 0.618863 0.427308 0.045803 0.029029
0 0.590445 0.399691 0.051532 0.023358
0 0.681835 0.483382 0.048378 0.020400
0 0.641983 0.471800 0.049178 0.019028
0 0.355648 0.428922 0.046992 0.015051
0 0.306890 0.427341 0.046277 0.018009
0 0.535698 0.376245 0.048894 0.016822
0 0.488388 0.363764 0.043290 0.025129
0 0.429202 0.434919 0.042078 0.026977
0 0.392606 0.457201 0.031092 0.031924
0 0.377064 0.376884 0.045382 0.020593
0 0.328569 0.378384 0.047371 0.016229
0 0.513558 0.556533 0.045876 0.023535
0 0.466410 0.559520 0.048166 0.020219
0 0.450383 0.487258 0.040240 0.024681
0 0.440716 0.458329 0.023860 0.030811
0 0.454898 0.529068 0.044711 0.024984
0 0.406318 0.541338 0.049384 0.018607
0 0.674975 0.533793 0.049173 0.017434
0 0.625909 0.522899 0.048805 0.018486
0 0.709263 0.574265 0.044377 0.024259
0 0.673625 0.551232 0.046266 0.022190
0 0.606492 0.607247 0.039836 0.026812
0 0.580383 0.578900 0.036100 0.028793
0 0.408337 0.427527 0.039115 0.024594
0 0.367412 0.443801 0.043795 0.019404
0 0.571179 0.369192 0.023600 0.034788
0 0.542814 0.341130 0.035765 0.032252
0 0.284067 0.450558 0.026805 0.032500
0 0.266509 0.418316 0.031508 0.031357
0 0.695169 0.434854 0.035211 0.030420
0 0.659917 0.410166 0.041256 0.027257
0 0.583578 0.421375 0.030254 0.030229
0 0.553011 0.401702 0.026277 0.031185
0 0.389092 0.526335 0.049456 0.014393
0 0.337522 0.525116 0.049517 0.014011
0 0.420265 0.378598 0.043900 0.019697
0 0.379738 0.394982 0.039681 0.024387
0 0.593953 0.471860 0.045024 0.016487
0 0.560496 0.456186 0.045488 0.014117
0 0.707942 0.463290 0.042823 0.013558
0 0.663628 0.459602 0.042649 0.014484
0 0.733866 0.512348 0.044890 0.021114
0 0.689282 0.500696 0.047666 0.013681
0 0.555765 0.508111 0.037028 0.023723
0 0.521063 0.488862 0.038644 0.022305
0 0.420371 0.494057 0.033968 0.027720
0 0.419277 0.464946 0.024034 0.030267
0 0.606169 0.488736 0.043065 0.017810
0 0.562643 0.487012 0.043581 0.016371
0 0.388146 0.414561 0.040710 0.013308
0 0.345674 0.411472 0.040345 0.015062
0 0.703356 0.620114 0.039637 0.023438
0 0.670726 0.597693 0.039046 0.023922
0 0.547904 0.471670 0.043416 0.015245
0 0.502286 0.469927 0.043693 0.014199
0 0.660346 0.441424 0.042550 0.018997
0 0.618523 0.454622 0.041226 0.021076
0 0.424389 0.516161 0.046313 0.020847
0 0.375005 0.509546 0.048722 0.014544
0 0.337015 0.395283 0.044026 0.015278
0 0.294049 0.384427 0.039819 0.022560
0 0.612773 0.584773 0.028842 0.028321
0 0.588637 0.558650 0.031644 0.027543
0 0.353075 0.461316 0.045710 0.017472
0 0.316054 0.444305 0.045645 0.017648
0 0.521466 0.357528 0.043776 0.017809
0 0.481667 0.342901 0.043950 0.017412
0 0.475885 0.424267 0.039263 0.014878
0 0.439564 0.411961 0.038163 0.017843
0 0.349150 0.364356 0.043102 0.015132
0 0.304012 0.360633 0.043416 0.013949
0 0.511819 0.437035 0.043450 0.014089
0 0.466656 0.439642 0.043521 0.013616
0 0.498835 0.498686 0.030757 0.026500
0 0.470554 0.476102 0.032322 0.025828
0 0.403921 0.361134 0.037139 0.021456
0 0.365272 0.349220 0.037312 0.021310
0 0.596458 0.443841 0.039864 0.015301
0 0.555352 0.440262 0.040200 0.013699
0 0.753236 0.500992 0.038235 0.019037
0 0.726762 0.481166 0.037500 0.020072
0 0.738453 0.536489 0.037747 0.019591
0 0.705169 0.519388 0.036539 0.020808
0 0.498924 0.519346 0.042692 0.016925
0 0.459623 0.507658 0.043397 0.013328
0 0.667524 0.515132 0.035882 0.021016
0 0.645815 0.492141 0.032141 0.023608
0 0.428874 0.554275 0.038449 0.023228
0 0.384787 0.561654 0.041684 0.019740
0 0.566521 0.533020 0.036547 0.023036
0 0.532590 0.514437 0.033361 0.024965
0 0.436541 0.340889 0.042426 0.016104
0 0.392355 0.340557 0.042475 0.015813
0 0.627935 0.507473 0.039268 0.017006
0 0.586945 0.504381 0.038722 0.017864
0 0.613604 0.555065 0.032697 0.028584
0 0.592000 0.526506 0.035243 0.027410
0 0.333139 0.503204 0.031659 0.027932
0 0.312621 0.475114 0.031963 0.027828
0 0.471537 0.373928 0.035357 0.021302
0 0.436546 0.358923 0.036362 0.020456
0 0.305685 0.411398 0.036023 0.016141
0 0.274985 0.395557 0.035520 0.016947
0 0.447191 0.387176 0.034752 0.018678
0 0.411841 0.397988 0.035080 0.018188
0 0.498212 0.387373 0.034540 0.018497
0 0.463231 0.398101 0.034409 0.018665
