0 0.540593 0.418132 0.084533 0.021487
0 0.682415 0.577737 0.047615 0.034458
0 0.637269 0.550484 0.039892 0.038065
0 0.466620 0.547158 0.054529 0.030577
0 0.358878 0.501020 0.063149 0.019398
0 0.551865 0.580631 0.039170 0.037826
0 0.558180 0.556194 0.038563 0.038024
0 0.647182 0.632930 0.041350 0.038726
0 0.645949 0.592016 0.025567 0.042135
0 0.521220 0.590244 0.056312 0.027333
0 0.462189 0.584269 0.059106 0.023323
0 0.657063 0.411169 0.053701 0.030345
0 0.623950 0.378189 0.054665 0.029435
0 0.632316 0.418249 0.056330 0.030216
0 0.599553 0.392099 0.063189 0.020236
0 0.694101 0.481387 0.056141 0.024268
0 0.656722 0.469537 0.059334 0.016785
0 0.353046 0.427815 0.056067 0.017072
0 0.295478 0.429797 0.055712 0.018584
0 0.542708 0.367753 0.058625 0.015412
0 0.488352 0.351523 0.049049 0.030330
0 0.423256 0.434014 0.049204 0.031034
0 0.383142 0.461088 0.030417 0.038761
0 0.370667 0.370719 0.048063 0.029424
0 0.317574 0.373347 0.057018 0.015268
0 0.514530 0.561988 0.053962 0.026705
0 0.457820 0.569246 0.056602 0.022980
0 0.441012 0.492799 0.052036 0.024167
0 0.430259 0.461209 0.023598 0.037134
0 0.448636 0.536246 0.049603 0.030960
0 0.392232 0.549628 0.059863 0.014060
0 0.683468 0.538488 0.058200 0.019208
0 0.629219 0.522833 0.058535 0.018006
0 0.719255 0.577972 0.052530 0.027416
0 0.680254 0.553446 0.057918 0.019092
0 0.600958 0.620704 0.051830 0.026790
0 0.587984 0.592202 0.041106 0.034109
0 0.402779 0.426143 0.046670 0.028294
0 0.353302 0.444980 0.052853 0.021216
0 0.584178 0.360992 0.020650 0.041295
0 0.548439 0.333230 0.050056 0.032730
0 0.266604 0.457060 0.036756 0.036689
0 0.253258 0.417899 0.026515 0.038873
0 0.711792 0.432559 0.033509 0.037812
0 0.676474 0.400711 0.050416 0.029737
0 0.595516 0.417164 0.037397 0.034975
0 0.558678 0.394970 0.032142 0.036494
0 0.387331 0.534740 0.058948 0.013662
0 0.326331 0.533995 0.058861 0.014541
0 0.423444 0.370498 0.053478 0.020644
0 0.374162 0.388668 0.046441 0.028775
0 0.601838 0.473474 0.054106 0.018155
0 0.569886 0.453438 0.054528 0.015980
0 0.726582 0.459727 0.051796 0.015803
0 0.675442 0.454635 0.052104 0.014483
0 0.740691 0.512859 0.049352 0.028196
0 0.702881 0.495380 0.053951 0.022869
0 0.554009 0.507633 0.035341 0.032423
0 0.512623 0.486672 0.046503 0.025763
0 0.411923 0.500173 0.049955 0.025569
0 0.406466 0.469276 0.022970 0.036660
0 0.610380 0.490788 0.053467 0.013936
0 0.557473 0.483535 0.053440 0.014150
0 0.381104 0.411326 0.050044 0.013957
0 0.329574 0.407201 0.048635 0.019236
0 0.706656 0.626663 0.050053 0.024364
0 0.680452 0.598473 0.044532 0.029298
0 0.546406 0.467829 0.052823 0.015659
0 0.492148 0.465861 0.052320 0.018104
0 0.671647 0.437310 0.052170 0.019795
0 0.623508 0.454817 0.050175 0.023077
0 0.416791 0.520016 0.052049 0.027036
0 0.361208 0.516994 0.057666 0.017065
0 0.325058 0.389627 0.053748 0.014126
0 0.274422 0.376471 0.045322 0.028040
0 0.621778 0.599236 0.022954 0.035675
0 0.595337 0.571390 0.037128 0.032652
0 0.341296 0.463927 0.055384 0.016525
0 0.297397 0.445432 0.055028 0.018303
0 0.528037 0.349211 0.053043 0.018944
0 0.486256 0.329824 0.052882 0.019333
0 0.473759 0.421539 0.048191 0.017624
0 0.434915 0.407691 0.046332 0.021063
0 0.344028 0.358428 0.052863 0.013523
0 0.289276 0.356692 0.052854 0.013687
0 0.518169 0.432327 0.052460 0.015981
0 0.464999 0.437963 0.052422 0.016352
0 0.497447 0.501842 0.038595 0.030504
0 0.459760 0.477355 0.037623 0.030978
0 0.402922 0.351963 0.046559 0.023395
0 0.354555 0.339351 0.046745 0.023171
0 0.616631 0.440580 0.046671 0.021621
0 0.570799 0.436924 0.049610 0.013622
0 0.758387 0.500721 0.046184 0.022504
0 0.746788 0.479453 0.045324 0.023521
0 0.745993 0.543334 0.047438 0.020313
0 0.714557 0.518689 0.040500 0.027415
0 0.500758 0.524747 0.052475 0.015406
0 0.460131 0.512518 0.051740 0.018579
0 0.679894 0.520050 0.045200 0.023099
0 0.655722 0.492100 0.036088 0.029469
0 0.417004 0.567604 0.041924 0.029876
0 0.376667 0.567728 0.051957 0.019415
0 0.574709 0.539468 0.041618 0.028569
0 0.535901 0.516612 0.035151 0.031725
0 0.438724 0.331450 0.049050 0.022456
0 0.388542 0.331565 0.051648 0.017222
0 0.632477 0.507664 0.048742 0.017551
0 0.583967 0.503587 0.045468 0.023104
0 0.617455 0.563631 0.040000 0.032856
0 0.594329 0.529843 0.041863 0.031950
0 0.318077 0.507983 0.026864 0.035675
0 0.301245 0.472220 0.031563 0.034745
0 0.480116 0.366738 0.042190 0.025635
0 0.437461 0.348325 0.045197 0.022883
0 0.288336 0.413044 0.045144 0.017610
0 0.263745 0.392583 0.043487 0.020478
0 0.449658 0.380176 0.043686 0.020636
0 0.405350 0.392466 0.042269 0.022471
0 0.507261 0.384215 0.044038 0.019487
0 0.461517 0.392778 0.043422 0.020516
0 0.516768 0.447912 0.048116 0.015606
0 0.467641 0.452777 0.048106 0.015754
0 0.522784 0.395925 0.041082 0.019116
0 0.479770 0.404478 0.041262 0.018827
0 0.524655 0.539547 0.029304 0.017573
0 0.496269 0.551338 0.029013 0.017787
0 0.364332 0.486160 0.030802 0.015808
0 0.332582 0.478619 0.031146 0.015352
