0 0.339789 0.504194 0.070038 0.025779
0 0.551619 0.588615 0.050730 0.040317
0 0.559462 0.561457 0.032582 0.046192
0 0.656895 0.602668 0.024916 0.048529
0 0.457065 0.596883 0.065121 0.029637
0 0.682063 0.403395 0.064341 0.031056
0 0.703840 0.478847 0.066804 0.023335
0 0.669842 0.466759 0.069216 0.014549
0 0.345348 0.423241 0.065286 0.018311
0 0.284349 0.430203 0.063673 0.022787
0 0.546485 0.361444 0.066749 0.021062
0 0.413085 0.431977 0.054421 0.036467
0 0.370220 0.463135 0.028707 0.045397
0 0.363830 0.362249 0.053384 0.034876
0 0.304819 0.367439 0.066616 0.013898
0 0.443395 0.584383 0.062539 0.029311
0 0.430643 0.498297 0.061905 0.024727
0 0.417845 0.463831 0.025864 0.043215
0 0.441965 0.546149 0.055778 0.035751
0 0.377665 0.559019 0.068910 0.016451
0 0.731817 0.582917 0.062661 0.028299
0 0.687528 0.557881 0.067496 0.018933
0 0.589877 0.634433 0.062096 0.027404
0 0.395077 0.422535 0.051721 0.033963
0 0.337952 0.443741 0.059795 0.026336
0 0.594913 0.344329 0.026118 0.047173
0 0.249055 0.463010 0.043198 0.041539
0 0.236008 0.418434 0.026995 0.045121
0 0.734257 0.425543 0.025564 0.045441
0 0.696588 0.390198 0.060287 0.031372
0 0.608757 0.410921 0.039882 0.041121
0 0.572440 0.388682 0.032409 0.043032
0 0.312967 0.544532 0.068216 0.015077
0 0.425811 0.359828 0.064717 0.014235
0 0.370629 0.379246 0.051776 0.034187
0 0.607198 0.473005 0.063150 0.019876
0 0.577679 0.448640 0.063848 0.016731
0 0.735498 0.456974 0.060296 0.020013
0 0.694095 0.448643 0.060408 0.019697
0 0.555587 0.505483 0.034920 0.039359
0 0.508075 0.484671 0.056400 0.027154
0 0.406533 0.508535 0.060291 0.025911
0 0.392428 0.472948 0.026949 0.042612
0 0.611883 0.489398 0.061662 0.019868
0 0.546753 0.476878 0.062377 0.016705
0 0.369842 0.405488 0.059054 0.016193
0 0.312878 0.404184 0.055395 0.024722
0 0.704736 0.630489 0.060623 0.023904
0 0.695127 0.605965 0.050507 0.034154
0 0.544537 0.461131 0.061803 0.018237
0 0.481950 0.462865 0.059152 0.024110
0 0.690540 0.432781 0.061795 0.020090
0 0.634416 0.452889 0.057911 0.026783
0 0.344741 0.522090 0.064334 0.024594
0 0.312924 0.384437 0.063046 0.015006
0 0.625808 0.614336 0.034709 0.040267
0 0.325124 0.465162 0.065243 0.014360
0 0.274697 0.444121 0.062743 0.023031
0 0.532717 0.341072 0.061679 0.021531
0 0.486367 0.318568 0.061843 0.021179
0 0.470200 0.417417 0.055806 0.022187
0 0.429157 0.401576 0.051991 0.027236
0 0.337539 0.349045 0.061439 0.018405
0 0.273636 0.351732 0.062210 0.014208
0 0.520547 0.426619 0.062291 0.013954
0 0.458808 0.435839 0.060312 0.021631
0 0.499564 0.504426 0.046186 0.034518
0 0.451427 0.481410 0.045998 0.034626
0 0.397271 0.339544 0.056037 0.024727
0 0.338312 0.327922 0.057996 0.021518
0 0.634540 0.435152 0.052596 0.027388
0 0.581483 0.433243 0.058819 0.015110
0 0.772796 0.504084 0.053303 0.026806
0 0.765489 0.478483 0.050460 0.029456
0 0.760975 0.548061 0.057168 0.020897
0 0.729938 0.521543 0.050184 0.029545
0 0.499656 0.528983 0.061937 0.015443
0 0.458229 0.517717 0.055209 0.028565
0 0.694954 0.522588 0.050785 0.028697
0 0.662141 0.491137 0.046733 0.031802
0 0.404858 0.582179 0.048938 0.034107
0 0.579919 0.544107 0.043196 0.035695
0 0.538842 0.518346 0.035048 0.038586
0 0.380530 0.318659 0.061091 0.017162
0 0.638164 0.508049 0.058326 0.016960
0 0.585423 0.502189 0.047368 0.031611
0 0.599136 0.533705 0.049084 0.036092
0 0.299957 0.516058 0.031759 0.041321
0 0.283453 0.474006 0.036689 0.040102
0 0.484165 0.359665 0.051512 0.027821
0 0.435200 0.336025 0.051610 0.027731
0 0.284895 0.414303 0.053911 0.019895
0 0.257728 0.391228 0.051116 0.024401
0 0.447795 0.374300 0.053838 0.020592
0 0.396527 0.383447 0.044609 0.030407
0 0.516169 0.380503 0.055126 0.015266
0 0.460032 0.387319 0.053403 0.020780
0 0.515456 0.442082 0.057685 0.015382
0 0.459221 0.451997 0.055522 0.021860
0 0.533732 0.394380 0.052173 0.015227
0 0.479971 0.399102 0.051057 0.019345
0 0.522303 0.545101 0.038901 0.018913
0 0.487267 0.561256 0.038359 0.019801
0 0.357121 0.492747 0.039763 0.017757
0 0.320535 0.480138 0.040952 0.013867
0 0.711798 0.545239 0.037287 0.014994
0 0.673216 0.539900 0.037622 0.013354
0 0.480027 0.546549 0.037050 0.019211
0 0.447914 0.563584 0.034555 0.021576
0 0.734196 0.487813 0.034868 0.017155
0 0.701906 0.500513 0.030642 0.021304
0 0.708225 0.593448 0.032963 0.021679
0 0.678205 0.575689 0.033006 0.021648
0 0.593091 0.616958 0.029418 0.021696
0 0.584845 0.593813 0.029404 0.021703
0 0.573119 0.417724 0.049347 0.015137
0 0.524608 0.409860 0.049531 0.014246
0 0.541912 0.607566 0.033998 0.020331
0 0.509519 0.592321 0.035822 0.018481
0 0.667501 0.657220 0.029911 0.023185
0 0.645393 0.635084 0.030986 0.022612
0 0.630047 0.388645 0.038015 0.014748
0 0.598472 0.376028 0.038345 0.013409
0 0.421460 0.532908 0.030745 0.020081
0 0.390021 0.520311 0.033197 0.017755
0 0.670479 0.417211 0.035465 0.018936
0 0.634352 0.406479 0.034676 0.019731
0 0.504231 0.350865 0.032351 0.018679
0 0.474951 0.335693 0.031351 0.019484
0 0.609763 0.590716 0.026514 0.020223
0 0.588678 0.572638 0.027131 0.019836
0 0.566526 0.332832 0.032824 0.019576
0 0.534117 0.319534 0.032705 0.019688
0 0.765971 0.521850 0.030358 0.019040
0 0.738363 0.506707 0.030634 0.018781
0 0.631984 0.583191 0.029154 0.019362
0 0.617509 0.562740 0.029338 0.019226
0 0.647382 0.567054 0.024462 0.023259
0 0.636715 0.542975 0.025011 0.023086
0 0.655974 0.525138 0.034183 0.013304
0 0.619972 0.523101 0.034176 0.013371
0 0.401933 0.544730 0.033731 0.014564
0 0.366085 0.542425 0.033741 0.014230
0 0.528057 0.560800 0.032003 0.017995
0 0.498119 0.574101 0.032342 0.017569
0 0.648775 0.375123 0.031780 0.019375
0 0.620435 0.358996 0.031357 0.019779
0 0.265851 0.376707 0.028128 0.017832
0 0.240402 0.362776 0.028153 0.017799
0 0.381225 0.574936 0.030275 0.013134
0 0.348976 0.574039 0.030274 0.013163
0 0.446445 0.323076 0.027908 0.016872
0 0.420101 0.311063 0.027897 0.016878
