0 0.558882 0.568952 0.022496 0.053514
0 0.670720 0.615322 0.024110 0.054903
0 0.444971 0.613430 0.072267 0.033911
0 0.270683 0.429741 0.068790 0.030658
0 0.559015 0.353033 0.072695 0.028588
0 0.402478 0.428431 0.060933 0.040966
0 0.288062 0.361797 0.075694 0.016517
0 0.419471 0.503362 0.071990 0.024735
0 0.403804 0.466354 0.024733 0.049650
0 0.438162 0.556962 0.060184 0.041654
0 0.323342 0.442934 0.065469 0.032368
0 0.607041 0.329850 0.023288 0.053730
0 0.585151 0.383096 0.041805 0.047383
0 0.294905 0.550297 0.076372 0.021327
0 0.427784 0.349611 0.073490 0.017843
0 0.615793 0.475345 0.072004 0.022089
0 0.585946 0.445553 0.073699 0.014375
0 0.756713 0.452224 0.069847 0.020172
0 0.503007 0.483352 0.066070 0.028312
0 0.629316 0.493285 0.071094 0.020371
0 0.536540 0.471767 0.071431 0.018978
0 0.364566 0.398831 0.068553 0.016123
0 0.302633 0.401545 0.062946 0.028657
0 0.714268 0.635455 0.064278 0.032787
0 0.713791 0.614761 0.059580 0.036833
0 0.637557 0.451836 0.065456 0.030622
0 0.309364 0.466118 0.073279 0.021244
0 0.254843 0.441725 0.068006 0.030569
0 0.535416 0.331488 0.069571 0.025420
0 0.480559 0.303992 0.068135 0.027730
0 0.463705 0.415344 0.062421 0.027742
0 0.426486 0.395409 0.054802 0.034965
0 0.519616 0.422217 0.071642 0.014613
0 0.450784 0.436088 0.067915 0.025905
0 0.442830 0.486363 0.056353 0.036811
0 0.787504 0.504848 0.062267 0.028980
0 0.787973 0.478007 0.052752 0.036995
0 0.776908 0.552475 0.065968 0.023090
0 0.751805 0.526586 0.059200 0.031994
0 0.455622 0.521893 0.055707 0.037957
0 0.716761 0.527958 0.057753 0.032955
0 0.678455 0.490990 0.049059 0.038685
0 0.393185 0.597795 0.055057 0.038841
0 0.542840 0.519857 0.041183 0.043668
0 0.651524 0.511477 0.067593 0.017978
0 0.588046 0.498966 0.055378 0.035052
0 0.603529 0.536680 0.046211 0.045027
0 0.491231 0.351233 0.058573 0.032035
0 0.435503 0.323107 0.058348 0.032245
0 0.273475 0.411771 0.062435 0.022619
0 0.237746 0.388803 0.062849 0.021785
0 0.450339 0.367294 0.063641 0.020598
0 0.391298 0.373828 0.054230 0.032646
0 0.527285 0.375594 0.064741 0.013835
0 0.461549 0.381039 0.063059 0.021239
0 0.449087 0.453031 0.064433 0.023866
0 0.542637 0.390862 0.061802 0.013936
0 0.479653 0.393361 0.060100 0.021014
0 0.524051 0.548614 0.049546 0.017466
0 0.484550 0.568832 0.042359 0.026758
0 0.341353 0.498518 0.048218 0.020469
0 0.313524 0.481514 0.049563 0.017813
0 0.720007 0.550367 0.046256 0.017319
0 0.671869 0.544651 0.046908 0.014223
0 0.478490 0.551621 0.040280 0.026744
0 0.442873 0.576454 0.040384 0.026673
0 0.749089 0.484696 0.044567 0.017889
0 0.715455 0.499849 0.021260 0.030305
0 0.725812 0.601825 0.040582 0.025331
0 0.687218 0.581543 0.037769 0.027161
0 0.586968 0.628825 0.034189 0.027144
0 0.585157 0.602110 0.031904 0.028145
0 0.583666 0.414315 0.058887 0.014699
0 0.525841 0.405474 0.058953 0.014219
0 0.547032 0.619684 0.041889 0.023753
0 0.506765 0.603687 0.047025 0.014383
0 0.680038 0.671548 0.036633 0.027636
0 0.651386 0.644638 0.035618 0.028132
0 0.642121 0.381057 0.045432 0.020288
0 0.611104 0.364732 0.047101 0.016943
0 0.416714 0.540077 0.035467 0.025601
0 0.377423 0.527002 0.038816 0.023309
0 0.689837 0.409329 0.041138 0.024385
0 0.646968 0.402021 0.039482 0.025749
0 0.517413 0.343663 0.042565 0.018930
0 0.480022 0.325752 0.038658 0.023426
0 0.613425 0.604734 0.031079 0.025712
0 0.590279 0.581350 0.038452 0.020849
0 0.573698 0.325551 0.039630 0.023955
0 0.533439 0.310536 0.037793 0.025411
0 0.784361 0.523765 0.038163 0.022550
0 0.747806 0.506163 0.038548 0.022191
0 0.638695 0.595232 0.040809 0.018445
0 0.627430 0.572958 0.034041 0.024726
0 0.656351 0.575833 0.022464 0.029817
0 0.637548 0.547841 0.030022 0.028460
0 0.672546 0.529820 0.043349 0.014622
0 0.627658 0.524445 0.043056 0.016219
0 0.399442 0.552538 0.039668 0.021586
0 0.356180 0.550529 0.043043 0.015052
0 0.525613 0.565704 0.040828 0.020202
0 0.490867 0.584938 0.037596 0.023382
0 0.657502 0.369354 0.042685 0.019125
0 0.637626 0.345369 0.035172 0.025956
0 0.243284 0.372096 0.035410 0.021756
0 0.215126 0.351330 0.034975 0.022173
0 0.374764 0.583117 0.039474 0.014273
0 0.333437 0.579598 0.039438 0.014394
0 0.444445 0.308966 0.034951 0.021001
0 0.408794 0.295593 0.036116 0.020018
0 0.241133 0.482145 0.028152 0.026893
0 0.223316 0.455204 0.027456 0.027107
0 0.627026 0.413592 0.028328 0.025899
0 0.611617 0.386867 0.027466 0.026117
0 0.726949 0.425005 0.038661 0.016169
0 0.687205 0.432261 0.037847 0.017666
0 0.590989 0.564071 0.034541 0.020285
0 0.579652 0.540517 0.028299 0.023996
0 0.385670 0.568085 0.041196 0.017050
0 0.342176 0.564511 0.041587 0.015557
0 0.700547 0.462152 0.040983 0.016761
0 0.658109 0.463803 0.040367 0.017928
0 0.374017 0.344084 0.034307 0.022547
0 0.341061 0.360415 0.031397 0.024106
0 0.603833 0.654717 0.038060 0.019361
0 0.566209 0.641901 0.038994 0.017821
0 0.349363 0.533005 0.038382 0.019174
0 0.310053 0.522510 0.037602 0.020229
0 0.350842 0.335847 0.036575 0.017345
0 0.313552 0.344791 0.037576 0.014488
0 0.410837 0.331805 0.034779 0.017815
0 0.375214 0.322300 0.034552 0.018228
0 0.565194 0.459950 0.037231 0.014111
0 0.528537 0.453279 0.037063 0.014761
0 0.387561 0.307150 0.036622 0.014790
0 0.348795 0.305483 0.036620 0.014862
0 0.337345 0.513626 0.041479 0.017721
0 0.297197 0.502727 0.042548 0.013682
0 0.723910 0.566195 0.039591 0.015342
0 0.683145 0.560053 0.039828 0.014170
0 0.757124 0.430879 0.022229 0.026518
0 0.754636 0.403387 0.022623 0.026509
0 0.758510 0.595354 0.039134 0.016100
0 0.723617 0.581238 0.039294 0.015197
0 0.206112 0.432111 0.024944 0.025971
0 0.228220 0.410071 0.025084 0.025943
0 0.726489 0.389759 0.036335 0.020589
0 0.696176 0.370510 0.034380 0.022286
0 0.379158 0.361681 0.033329 0.021035
0 0.350576 0.379921 0.027498 0.023982
0 0.274466 0.347337 0.036302 0.014461
0 0.239330 0.339676 0.036492 0.013927
0 0.517769 0.534169 0.036241 0.014679
0 0.481635 0.530535 0.035392 0.016998
0 0.354070 0.415807 0.037644 0.016069
0 0.316848 0.425644 0.037301 0.016821
0 0.725473 0.441006 0.035542 0.015544
0 0.689238 0.448350 0.035562 0.015465
0 0.567008 0.515887 0.022551 0.023880
0 0.549833 0.493889 0.023646 0.023779
0 0.490531 0.457870 0.034882 0.017617
0 0.455101 0.468089 0.035229 0.017055
0 0.533474 0.437029 0.033886 0.014166
0 0.497514 0.439378 0.033837 0.014709
0 0.720405 0.405206 0.037254 0.020822
0 0.686545 0.388533 0.039113 0.018302
0 0.358888 0.451585 0.022469 0.025998
0 0.351995 0.478866 0.023291 0.025964
0 0.452630 0.591488 0.035254 0.020958
0 0.417222 0.605427 0.035162 0.021039
0 0.268975 0.485492 0.024735 0.023934
0 0.252783 0.462259 0.028773 0.022690
0 0.419275 0.519971 0.036336 0.015953
0 0.383148 0.510467 0.034625 0.018774
0 0.318989 0.379780 0.036116 0.013475
0 0.280998 0.378727 0.036101 0.013575
0 0.511780 0.515891 0.030319 0.020663
0 0.487368 0.497190 0.031065 0.020159
0 0.606623 0.429449 0.033964 0.013719
0 0.570552 0.429417 0.034049 0.013190
0 0.739369 0.470373 0.038370 0.015937
0 0.699901 0.477392 0.038371 0.015934
0 0.401252 0.409040 0.031390 0.021123
0 0.373866 0.427193 0.031727 0.020897
0 0.374374 0.487785 0.023659 0.024036
0 0.380833 0.462418 0.021753 0.024145
0 0.287076 0.531452 0.027919 0.022567
0 0.267472 0.509655 0.027477 0.022724
0 0.558815 0.606327 0.035009 0.021249
0 0.528697 0.587518 0.034954 0.021292
0 0.617755 0.637312 0.025385 0.022605
0 0.644249 0.617182 0.025571 0.022555
0 0.339143 0.321510 0.033630 0.013303
0 0.300488 0.315011 0.033637 0.013233
0 0.665917 0.421425 0.031209 0.017693
0 0.637059 0.434736 0.030931 0.017946
