0 0.253064 0.427732 0.074005 0.037025
0 0.394547 0.424713 0.066620 0.045988
0 0.526143 0.469546 0.080924 0.018595
0 0.421674 0.386887 0.056754 0.042343
0 0.802668 0.506471 0.063829 0.038334
0 0.263246 0.408854 0.072127 0.022934
0 0.211893 0.383056 0.070735 0.025692
0 0.544040 0.370873 0.073306 0.019009
0 0.548107 0.387521 0.069987 0.020437
0 0.477923 0.385289 0.067840 0.025175
0 0.522857 0.556053 0.059035 0.017382
0 0.478368 0.580160 0.043892 0.034262
0 0.319262 0.504857 0.056594 0.023354
0 0.303565 0.483324 0.058265 0.020369
0 0.731013 0.553245 0.054961 0.019848
0 0.673589 0.546777 0.055771 0.017227
0 0.473906 0.559218 0.042148 0.033811
0 0.437435 0.591274 0.043812 0.032969
0 0.758159 0.481387 0.054405 0.016837
0 0.727013 0.498728 0.034204 0.034465
0 0.742687 0.609339 0.042810 0.032512
0 0.698412 0.588168 0.041626 0.033106
0 0.590616 0.644208 0.039926 0.032101
0 0.588750 0.613082 0.031637 0.035010
0 0.593577 0.412757 0.068248 0.015193
0 0.541989 0.631428 0.053073 0.023371
0 0.504318 0.615276 0.054187 0.021581
0 0.693704 0.680396 0.040188 0.033657
0 0.652863 0.658918 0.037274 0.034860
0 0.655309 0.370559 0.046477 0.030524
0 0.625693 0.348528 0.056227 0.018419
0 0.413567 0.547031 0.041067 0.030648
0 0.365356 0.534308 0.051089 0.021559
0 0.709201 0.401127 0.045995 0.030257
0 0.659749 0.392508 0.051846 0.025029
0 0.526649 0.336976 0.051821 0.020379
0 0.484689 0.313785 0.038138 0.032098
0 0.615093 0.615391 0.033106 0.032016
0 0.595072 0.588744 0.050135 0.018388
0 0.585679 0.313224 0.047604 0.027363
0 0.543091 0.301904 0.037628 0.033318
0 0.804158 0.528642 0.046017 0.026020
0 0.763466 0.504438 0.044261 0.027499
0 0.645361 0.604171 0.051314 0.015921
0 0.638376 0.580465 0.035857 0.031577
0 0.666142 0.581495 0.029391 0.035335
0 0.636198 0.550652 0.038658 0.032469
0 0.694379 0.533970 0.052475 0.016041
0 0.640241 0.527495 0.052316 0.017173
0 0.396581 0.559695 0.045758 0.026609
0 0.349527 0.561763 0.052672 0.014460
0 0.528353 0.570714 0.052196 0.016929
0 0.485733 0.598468 0.040022 0.030442
0 0.677371 0.358873 0.051467 0.021363
0 0.661457 0.332740 0.040848 0.030968
0 0.220211 0.368289 0.046048 0.022482
0 0.205290 0.342962 0.043601 0.024957
0 0.365349 0.592005 0.048927 0.014303
0 0.314778 0.588987 0.048051 0.018116
0 0.444076 0.292995 0.043534 0.023817
0 0.398301 0.279567 0.047457 0.018265
0 0.222216 0.489642 0.030390 0.033069
0 0.205640 0.455961 0.023540 0.034090
0 0.642240 0.406813 0.039521 0.028515
0 0.621095 0.375495 0.020895 0.033440
0 0.747961 0.420648 0.048126 0.016065
0 0.699428 0.429553 0.047999 0.016808
0 0.598984 0.570354 0.041046 0.024922
0 0.580097 0.541295 0.029772 0.030329
0 0.379534 0.577606 0.051273 0.014362
0 0.326672 0.575181 0.050414 0.018260
0 0.710563 0.458752 0.050452 0.016960
0 0.660665 0.462230 0.046381 0.024074
0 0.366879 0.336568 0.040596 0.027200
0 0.330616 0.357573 0.030638 0.031434
0 0.599845 0.668355 0.049083 0.017101
0 0.558555 0.651650 0.048651 0.018431
0 0.339254 0.542831 0.046778 0.021968
0 0.292648 0.530764 0.042298 0.026433
0 0.344572 0.327094 0.044229 0.021388
0 0.303759 0.340795 0.046947 0.015068
0 0.416332 0.317058 0.042137 0.022032
0 0.372291 0.311274 0.042623 0.021458
0 0.576871 0.459086 0.046648 0.014350
0 0.529903 0.453017 0.046702 0.014048
0 0.378317 0.295841 0.043958 0.020215
0 0.331893 0.296587 0.046309 0.013643
0 0.314802 0.519997 0.049309 0.021427
0 0.265979 0.508896 0.051599 0.015581
0 0.744071 0.570961 0.048492 0.017817
0 0.693948 0.563741 0.048995 0.015416
0 0.783509 0.424812 0.023631 0.032703
0 0.775345 0.393961 0.026154 0.032509
0 0.771933 0.600297 0.048590 0.015855
0 0.731047 0.584124 0.047774 0.018758
0 0.183894 0.438700 0.025686 0.032250
0 0.206997 0.408698 0.036239 0.029215
0 0.747306 0.378875 0.033742 0.030409
0 0.712638 0.355072 0.036231 0.029345
0 0.381299 0.348426 0.039120 0.026122
0 0.347209 0.370402 0.030932 0.029786
0 0.255363 0.342125 0.045615 0.015254
0 0.232708 0.329517 0.045151 0.017488
0 0.516684 0.541337 0.045830 0.014260
0 0.483009 0.531981 0.042756 0.021449
0 0.347188 0.408284 0.047097 0.016081
0 0.304548 0.423481 0.042045 0.024093
0 0.747183 0.436126 0.044884 0.016015
0 0.701728 0.444575 0.044741 0.016728
0 0.567635 0.512693 0.028730 0.029187
0 0.544780 0.494549 0.028299 0.029310
0 0.486755 0.451623 0.040021 0.023947
0 0.445321 0.467639 0.042760 0.021282
0 0.533399 0.435422 0.042587 0.017486
0 0.493123 0.431086 0.042549 0.017566
0 0.739398 0.399040 0.042475 0.026531
0 0.706043 0.378058 0.050082 0.014172
0 0.343692 0.454947 0.023876 0.032179
0 0.342626 0.485807 0.037705 0.028228
0 0.444173 0.609781 0.040824 0.026356
0 0.401103 0.619219 0.042306 0.025131
0 0.251086 0.488043 0.036327 0.026677
0 0.234533 0.459559 0.034884 0.027415
0 0.416738 0.524856 0.045804 0.015908
0 0.369570 0.519583 0.044214 0.019653
0 0.307002 0.381994 0.045194 0.015079
0 0.267870 0.372888 0.045086 0.015737
0 0.514379 0.520093 0.035187 0.026029
0 0.487897 0.496462 0.042121 0.020234
0 0.621213 0.426348 0.040915 0.020103
0 0.577130 0.428416 0.043427 0.013334
0 0.757282 0.465915 0.047719 0.016439
0 0.708770 0.474107 0.047789 0.015931
0 0.393183 0.403220 0.040550 0.023509
0 0.361801 0.426780 0.037297 0.025974
0 0.363651 0.494512 0.034218 0.027629
0 0.369311 0.463951 0.024376 0.030272
0 0.273046 0.539032 0.038771 0.024628
0 0.235860 0.521446 0.033438 0.027626
0 0.556378 0.618542 0.046193 0.020928
0 0.527747 0.593718 0.040507 0.026663
0 0.621752 0.647549 0.022933 0.029436
0 0.646679 0.626824 0.032959 0.027127
0 0.329314 0.314996 0.041682 0.018148
0 0.287500 0.311509 0.042894 0.014204
0 0.685630 0.413858 0.042136 0.014975
0 0.655077 0.430097 0.038997 0.021165
0 0.669719 0.644370 0.026409 0.032300
0 0.681065 0.612641 0.030052 0.031503
0 0.446067 0.345625 0.044293 0.017191
0 0.410302 0.331897 0.041962 0.021175
0 0.636708 0.480146 0.042984 0.019191
0 0.590877 0.474724 0.044696 0.014386
0 0.561765 0.327033 0.044452 0.013341
0 0.519867 0.315514 0.042203 0.019778
0 0.502185 0.295627 0.043277 0.018071
0 0.460360 0.282350 0.040015 0.022423
0 0.472275 0.403377 0.040347 0.018266
0 0.436777 0.419869 0.037099 0.022131
0 0.487064 0.366390 0.037974 0.019497
0 0.447228 0.376062 0.039433 0.017143
0 0.594829 0.336784 0.044623 0.019438
0 0.553727 0.352879 0.044566 0.019520
0 0.610492 0.552916 0.029265 0.028542
0 0.595846 0.524461 0.036356 0.025662
0 0.559431 0.595113 0.023259 0.031396
0 0.566268 0.564090 0.023704 0.031380
0 0.295897 0.356524 0.045285 0.014042
0 0.248448 0.357683 0.045347 0.013572
0 0.328723 0.431025 0.033444 0.026633
0 0.293573 0.450442 0.037757 0.024207
0 0.615912 0.445359 0.041877 0.019915
0 0.572872 0.443258 0.044186 0.013704
0 0.314453 0.460926 0.034156 0.026602
0 0.273397 0.472338 0.044040 0.016841
0 0.256196 0.452286 0.033966 0.026701
0 0.220304 0.433557 0.041585 0.021144
0 0.453608 0.499816 0.038727 0.021687
0 0.418430 0.481973 0.032113 0.026028
0 0.603783 0.508216 0.035899 0.022784
0 0.573342 0.488794 0.039804 0.018451
0 0.550903 0.534908 0.030602 0.026257
0 0.529465 0.509143 0.033426 0.024927
0 0.508334 0.485857 0.040545 0.018896
0 0.467721 0.478152 0.041283 0.017786
0 0.537619 0.418444 0.042555 0.013588
0 0.495108 0.414207 0.041827 0.016980
0 0.820540 0.558789 0.040004 0.017169
0 0.780258 0.560635 0.040102 0.016969
0 0.474119 0.516194 0.038256 0.021812
0 0.443491 0.537317 0.033983 0.024850
0 0.303568 0.554776 0.043597 0.018997
0 0.257556 0.559440 0.044339 0.017682
0 0.469715 0.355814 0.036643 0.019184
0 0.430347 0.363036 0.038506 0.015740
0 0.397282 0.487211 0.032177 0.026633
0 0.391513 0.458248 0.023160 0.028732
0 0.451535 0.554724 0.034727 0.026937
0 0.421240 0.579193 0.036256 0.026151
0 0.816525 0.493404 0.034200 0.022909
0 0.798786 0.468577 0.031132 0.024519
0 0.685093 0.515930 0.039307 0.017156
0 0.643442 0.512816 0.039761 0.015969
0 0.799592 0.446865 0.040821 0.015915
0 0.756721 0.449975 0.040853 0.015731
0 0.405317 0.353599 0.033107 0.021724
0 0.375372 0.371726 0.033925 0.020992
0 0.454454 0.625102 0.040875 0.023262
0 0.410819 0.634309 0.042284 0.021965
0 0.433976 0.509711 0.040199 0.020328
0 0.390313 0.506829 0.042339 0.016421
0 0.748381 0.634236 0.038055 0.021535
0 0.713859 0.616144 0.038718 0.020958
0 0.457083 0.427853 0.036361 0.022160
0 0.418473 0.440789 0.040576 0.016873
0 0.626808 0.324805 0.027028 0.029625
0 0.605865 0.297198 0.026049 0.029810
0 0.740155 0.648735 0.038089 0.021181
0 0.704859 0.631578 0.038215 0.021071
0 0.754750 0.541386 0.035664 0.020448
0 0.724335 0.522973 0.035049 0.020976
0 0.657270 0.498793 0.040600 0.015391
0 0.615371 0.492190 0.040142 0.017057
0 0.789074 0.541480 0.034710 0.020755
0 0.759222 0.521648 0.034596 0.020852
0 0.699758 0.502666 0.036529 0.018717
0 0.675265 0.482227 0.032756 0.022182
0 0.511732 0.350410 0.035766 0.019587
0 0.478890 0.334690 0.035362 0.019960
0 0.545521 0.403383 0.033757 0.014250
0 0.510503 0.397508 0.033624 0.015404
0 0.659402 0.445622 0.037348 0.020387
0 0.622456 0.459609 0.038607 0.018590
0 0.453474 0.314883 0.035121 0.019828
0 0.419838 0.300071 0.035030 0.019903
0 0.458312 0.446398 0.035656 0.018916
0 0.422077 0.457506 0.036027 0.018325
0 0.600562 0.391070 0.030831 0.025832
0 0.592515 0.361986 0.030874 0.025816
0 0.305510 0.400834 0.036952 0.017568
0 0.267795 0.391054 0.036765 0.017840
0 0.379824 0.388759 0.037526 0.015939
0 0.340274 0.393463 0.037716 0.014587
0 0.394794 0.602632 0.035406 0.021171
0 0.360391 0.618197 0.035493 0.021094
