0 0.398304 0.595084 0.032018 0.058790
0 0.757319 0.741587 0.071144 0.017422
0 0.900235 0.522653 0.052049 0.037236
0 0.843737 0.497140 0.065517 0.023829
0 0.662397 0.228204 0.064873 0.025963
0 0.554647 0.608344 0.049091 0.040809
0 0.781539 0.297893 0.064288 0.024906
0 0.741698 0.286079 0.067616 0.015295
0 0.234274 0.583005 0.059860 0.029097
0 0.169024 0.570586 0.065018 0.020839
0 0.321701 0.674920 0.041408 0.039378
0 0.270982 0.654470 0.064696 0.013923
0 0.850813 0.418948 0.062861 0.013725
0 0.791398 0.432073 0.060015 0.023243
0 0.823779 0.626110 0.063530 0.018774
0 0.786201 0.609258 0.063884 0.016825
0 0.542735 0.659401 0.031681 0.041287
0 0.250460 0.636113 0.063981 0.020199
0 0.185177 0.639915 0.063548 0.021324
0 0.276865 0.279748 0.031550 0.041747
0 0.709772 0.566674 0.065585 0.021889
0 0.586760 0.747648 0.064103 0.023147
0 0.571996 0.713459 0.022045 0.044333
0 0.710209 0.647183 0.032664 0.042125
0 0.838784 0.564040 0.059518 0.028493
0 0.775268 0.561875 0.063232 0.022998
0 0.715231 0.551856 0.064152 0.021055
0 0.661169 0.531185 0.064668 0.019560
0 0.773202 0.271027 0.057373 0.031234
0 0.747764 0.237492 0.051265 0.035851
0 0.124342 0.559372 0.048609 0.036515
0 0.086745 0.544153 0.050313 0.035541
0 0.496285 0.700032 0.047803 0.038608
0 0.448837 0.733278 0.059386 0.030463
0 0.691589 0.728560 0.055783 0.033452
0 0.710727 0.269654 0.063347 0.025418
0 0.653977 0.270450 0.063115 0.025776
0 0.954351 0.411826 0.034496 0.040467
0 0.960862 0.369923 0.031532 0.041138
0 0.716942 0.676223 0.064088 0.014891
0 0.654354 0.665307 0.063576 0.017499
0 0.329404 0.633687 0.053985 0.032474
0 0.273322 0.618416 0.063593 0.019663
0 0.871580 0.620960 0.057644 0.026987
0 0.821573 0.593978 0.054115 0.030567
0 0.647574 0.717535 0.045104 0.034434
0 0.658977 0.689876 0.053078 0.028783
0 0.231941 0.461342 0.043968 0.035053
0 0.221376 0.477611 0.042016 0.035965
0 0.712989 0.318296 0.057792 0.030868
0 0.401636 0.473005 0.057396 0.024043
0 0.361893 0.489167 0.023953 0.040358
0 0.446863 0.597713 0.033245 0.043118
0 0.441854 0.641312 0.036423 0.042352
0 0.840310 0.373634 0.038446 0.041210
0 0.793294 0.342455 0.054906 0.033020
0 0.624674 0.466727 0.060090 0.013991
0 0.573994 0.447985 0.040464 0.036210
0 0.778752 0.652632 0.045507 0.038563
0 0.741114 0.614221 0.049839 0.036344
0 0.271702 0.221628 0.057683 0.022930
0 0.229552 0.218517 0.053763 0.028061
0 0.534053 0.718842 0.050785 0.035354
0 0.457467 0.748023 0.056897 0.030656
0 0.743062 0.312227 0.049631 0.036267
0 0.686099 0.290787 0.061489 0.025668
0 0.545000 0.489061 0.021930 0.039803
0 0.525274 0.469586 0.024228 0.039603
0 0.096815 0.592856 0.046388 0.033013
0 0.075130 0.558681 0.046553 0.032922
0 0.369760 0.706692 0.059514 0.028177
0 0.101705 0.532666 0.048050 0.034191
0 0.066855 0.496902 0.035238 0.039413
0 0.615751 0.766195 0.060379 0.018811
0 0.555854 0.761428 0.061249 0.014356
0 0.456368 0.407027 0.044474 0.033696
0 0.425619 0.442034 0.039209 0.036117
0 0.687452 0.597380 0.054203 0.030879
0 0.664325 0.562022 0.031627 0.041084
0 0.097311 0.305169 0.060787 0.014862
0 0.084916 0.285865 0.058585 0.022119
0 0.691669 0.327704 0.050315 0.031795
0 0.655341 0.297580 0.056511 0.025904
0 0.872450 0.465265 0.063245 0.014376
0 0.811171 0.477100 0.057529 0.027549
0 0.839871 0.325961 0.056671 0.025144
0 0.794348 0.310981 0.057686 0.023541
0 0.248812 0.342718 0.058109 0.016310
0 0.190146 0.339248 0.054939 0.023919
0 0.397721 0.645600 0.035404 0.039451
0 0.375522 0.598233 0.027028 0.041051
0 0.667705 0.651266 0.060729 0.015998
0 0.608150 0.654935 0.054244 0.028226
0 0.236233 0.309493 0.052230 0.026780
0 0.184383 0.305785 0.057586 0.017143
0 0.100191 0.470634 0.039977 0.037065
0 0.079058 0.431405 0.025733 0.040228
0 0.209917 0.293300 0.057124 0.019042
0 0.153259 0.290357 0.054523 0.023907
0 0.252881 0.523607 0.057434 0.021593
0 0.199549 0.534812 0.051265 0.029281
0 0.942855 0.644293 0.038334 0.033588
0 0.914118 0.626635 0.027511 0.036477
0 0.418008 0.671113 0.045065 0.032104
0 0.367601 0.690268 0.052493 0.026168
0 0.486603 0.544944 0.054922 0.022665
0 0.442398 0.569097 0.052149 0.026458
0 0.248835 0.399707 0.042013 0.034332
0 0.187623 0.429491 0.042810 0.033961
0 0.690990 0.251192 0.056388 0.020656
0 0.635727 0.259355 0.055269 0.022571
0 0.547159 0.528278 0.026043 0.036875
0 0.518235 0.502109 0.040589 0.032820
0 0.863068 0.400618 0.057441 0.020063
0 0.805921 0.410088 0.052656 0.027166
0 0.313789 0.374471 0.057786 0.016896
0 0.253585 0.373335 0.058329 0.013912
0 0.278542 0.396874 0.039215 0.034051
0 0.245241 0.429066 0.040298 0.033546
0 0.751336 0.660688 0.052333 0.030431
0 0.729953 0.628809 0.048278 0.033394
0 0.209656 0.651845 0.057252 0.020269
0 0.162835 0.660092 0.052896 0.026815
0 0.880480 0.336609 0.036321 0.036692
0 0.862546 0.305015 0.032762 0.037672
0 0.442119 0.697080 0.046131 0.032118
0 0.390753 0.717500 0.054943 0.023978
0 0.320934 0.572334 0.056846 0.016627
0 0.262736 0.559666 0.051541 0.026503
0 0.720051 0.239706 0.043925 0.031963
0 0.700434 0.206394 0.052092 0.025465
0 0.591669 0.330182 0.051049 0.016776
0 0.553363 0.311302 0.021905 0.034293
0 0.787235 0.499162 0.059529 0.021333
0 0.845817 0.514888 0.059233 0.021914
0 0.510219 0.231670 0.057032 0.024391
0 0.996279 0.560897 0.048337 0.032167
0 0.937659 0.553966 0.058104 0.021538
0 0.374204 0.663096 0.055012 0.026498
0 0.365553 0.634420 0.036701 0.037648
0 0.891612 0.356190 0.036043 0.036657
0 0.915267 0.328683 0.033248 0.037429
0 0.856533 0.360595 0.033794 0.037501
0 0.814405 0.334745 0.049746 0.029926
0 0.579060 0.596463 0.021099 0.036650
0 0.566752 0.561631 0.043971 0.030233
0 0.302928 0.425324 0.040155 0.032235
0 0.287490 0.458903 0.030313 0.035551
0 0.588417 0.208913 0.029593 0.039888
0 0.550804 0.188801 0.042801 0.035949
0 0.739031 0.453601 0.046897 0.032149
0 0.684656 0.469060 0.058348 0.018231
0 0.343613 0.201477 0.056649 0.014772
0 0.285407 0.202133 0.055959 0.018178
0 0.817843 0.377637 0.033880 0.034478
0 0.780811 0.374087 0.048464 0.026499
0 0.594950 0.714264 0.022970 0.040287
0 0.578488 0.675571 0.041782 0.036090
0 0.619114 0.705592 0.023670 0.039018
0 0.622483 0.677323 0.058299 0.017111
0 0.550522 0.632496 0.056280 0.023716
0 0.511898 0.607539 0.056400 0.023532
0 0.766102 0.595372 0.057075 0.018557
0 0.699429 0.583383 0.052588 0.026171
0 0.131265 0.521796 0.020743 0.037537
0 0.099964 0.506312 0.038131 0.034230
0 0.202947 0.326695 0.052944 0.022742
0 0.149362 0.325322 0.050497 0.025979
0 0.104838 0.406769 0.052576 0.022614
0 0.052561 0.410847 0.047867 0.027931
0 0.878025 0.605890 0.056027 0.026463
0 0.827375 0.577546 0.054470 0.028149
0 0.334928 0.596935 0.048449 0.031775
0 0.280468 0.582862 0.056184 0.024123
0 0.118172 0.341553 0.051624 0.026906
0 0.061720 0.338548 0.057786 0.013587
0 0.600733 0.578308 0.020648 0.037817
0 0.589213 0.542314 0.028446 0.037118
0 0.259778 0.461363 0.041334 0.033601
0 0.253016 0.495133 0.030459 0.037166
0 0.125483 0.469018 0.039518 0.033381
0 0.102439 0.433902 0.025965 0.036918
0 0.629094 0.245051 0.052677 0.021707
0 0.587919 0.243768 0.046031 0.028964
0 0.635452 0.580089 0.044737 0.030114
0 0.624707 0.555907 0.052738 0.021988
0 0.432953 0.519455 0.050823 0.023204
0 0.378547 0.515754 0.053813 0.016816
0 0.473775 0.531967 0.050834 0.022987
0 0.432509 0.555636 0.049047 0.025243
0 0.330509 0.539905 0.052274 0.021554
0 0.318615 0.509777 0.025101 0.036120
0 0.377522 0.438732 0.036629 0.032732
0 0.341236 0.432793 0.053619 0.014021
0 0.390246 0.453765 0.036041 0.031633
0 0.345507 0.454391 0.044940 0.026392
0 0.322367 0.609808 0.047237 0.030503
0 0.268136 0.603757 0.056946 0.017725
0 0.374462 0.213796 0.054973 0.017259
0 0.327242 0.219622 0.050013 0.025898
0 0.933265 0.457665 0.055474 0.019675
0 0.885826 0.449379 0.056717 0.014457
0 0.701500 0.433796 0.049716 0.025221
0 0.644829 0.437760 0.054477 0.015571
0 0.154014 0.470063 0.038975 0.032808
0 0.126562 0.437363 0.027731 0.036033
0 0.215179 0.618582 0.053410 0.020687
0 0.161346 0.627250 0.050325 0.025236
0 0.789951 0.711926 0.052972 0.017030
0 0.738731 0.707019 0.053085 0.016190
0 0.669185 0.453817 0.052854 0.014165
0 0.614561 0.449658 0.052313 0.017041
0 0.502474 0.416887 0.044288 0.030673
0 0.461079 0.430423 0.037556 0.033989
0 0.365772 0.250547 0.050112 0.026259
0 0.325096 0.277247 0.045652 0.030015
0 0.544655 0.692270 0.051504 0.025798
0 0.503130 0.719063 0.044199 0.031600
0 0.631617 0.541667 0.052306 0.021601
0 0.603836 0.515998 0.047878 0.026996
0 0.635372 0.626927 0.045779 0.030075
0 0.599397 0.616829 0.037476 0.034312
0 0.880358 0.564300 0.026327 0.034134
0 0.856539 0.543651 0.022670 0.034462
0 0.473400 0.233853 0.035670 0.036897
0 0.475848 0.200183 0.031640 0.037970
0 0.307503 0.245938 0.048297 0.027586
0 0.259297 0.260475 0.042339 0.031681
0 0.828181 0.454659 0.054510 0.020332
0 0.777681 0.472778 0.048590 0.027886
0 0.184702 0.487138 0.047162 0.027176
0 0.132622 0.494214 0.053637 0.017819
0 0.603762 0.480743 0.052121 0.017405
0 0.559117 0.461380 0.039727 0.030616
0 0.421532 0.601538 0.028197 0.035790
0 0.415964 0.637760 0.032338 0.034840
0 0.366007 0.552205 0.047607 0.025745
0 0.313938 0.557941 0.053014 0.016324
0 0.646177 0.316269 0.040968 0.030067
0 0.613969 0.288446 0.026592 0.034772
0 0.381671 0.166861 0.054236 0.020497
0 0.332939 0.186028 0.055729 0.015460
0 0.541771 0.579489 0.054644 0.014288
0 0.497777 0.564938 0.054114 0.017101
0 0.544908 0.393768 0.053102 0.015809
0 0.494762 0.400555 0.043120 0.029352
0 0.708420 0.490523 0.046045 0.027828
0 0.658140 0.484979 0.052598 0.019916
0 0.182542 0.383111 0.036470 0.030638
0 0.159058 0.350983 0.030027 0.032699
0 0.037387 0.398920 0.044278 0.030864
0 0.076296 0.373236 0.054727 0.019379
0 0.296587 0.305867 0.023395 0.036464
0 0.288998 0.336344 0.037708 0.033385
0 0.184552 0.604468 0.053462 0.017572
0 0.128947 0.592450 0.046464 0.027505
0 0.290370 0.232972 0.050462 0.021276
0 0.243655 0.249623 0.040935 0.030072
0 0.605713 0.416819 0.049258 0.024091
0 0.553364 0.408308 0.053306 0.015177
0 0.489433 0.482917 0.044097 0.027836
0 0.458566 0.481722 0.034748 0.032623
0 0.979337 0.437389 0.046510 0.025124
0 0.929237 0.437481 0.051285 0.017781
0 0.469799 0.698904 0.041073 0.031256
0 0.427359 0.723162 0.050840 0.023202
0 0.342948 0.669054 0.038804 0.034309
0 0.305041 0.639695 0.047086 0.029769
0 0.536804 0.739196 0.045629 0.030029
0 0.491536 0.749503 0.045510 0.030111
0 0.441832 0.260209 0.043450 0.029631
0 0.419212 0.227195 0.033961 0.033863
0 0.294048 0.518457 0.020809 0.036021
0 0.277941 0.494413 0.029406 0.035095
0 0.737529 0.723749 0.055261 0.016294
0 0.690979 0.706603 0.044835 0.030339
0 0.590949 0.269576 0.032099 0.034610
0 0.584151 0.303818 0.036996 0.033132
0 0.434443 0.377312 0.038084 0.030561
0 0.404031 0.406808 0.035634 0.031671
0 0.744026 0.500120 0.025483 0.033169
0 0.739077 0.475965 0.042818 0.026502
0 0.342184 0.337082 0.025859 0.032952
0 0.323702 0.360372 0.049848 0.015225
0 0.834019 0.437697 0.054360 0.020926
0 0.780282 0.452553 0.052256 0.024261
0 0.357804 0.235905 0.049359 0.026417
0 0.316462 0.261966 0.045205 0.029874
0 0.214205 0.593720 0.051818 0.023996
0 0.159116 0.584774 0.054130 0.020235
0 0.938768 0.383439 0.021883 0.035548
0 0.904563 0.403845 0.047107 0.026167
0 0.642615 0.415969 0.042453 0.028871
0 0.599243 0.396892 0.052019 0.016374
0 0.303009 0.399134 0.037758 0.032321
0 0.271431 0.429602 0.036908 0.032680
0 0.716426 0.691805 0.055360 0.014386
0 0.771641 0.684953 0.051583 0.023814
0 0.424567 0.269877 0.043515 0.028939
0 0.401753 0.237523 0.034164 0.033298
0 0.632355 0.385544 0.051559 0.016629
0 0.579660 0.377824 0.049719 0.021005
0 0.531911 0.364132 0.052064 0.013906
0 0.479571 0.366154 0.051249 0.017973
0 0.593086 0.349290 0.043072 0.023558
0 0.546443 0.335059 0.046520 0.018864
0 0.527872 0.378887 0.052197 0.014096
0 0.474963 0.382087 0.051993 0.015215
0 0.228989 0.542494 0.050098 0.022806
0 0.280742 0.543988 0.053321 0.014709
0 0.484689 0.351001 0.050473 0.018249
0 0.433141 0.355237 0.049518 0.020194
0 0.339835 0.515621 0.024124 0.034240
0 0.338263 0.479904 0.023273 0.034328
0 0.896003 0.497387 0.045190 0.022221
0 0.857768 0.481181 0.048427 0.014838
0 0.479109 0.509816 0.042363 0.028903
0 0.438407 0.503844 0.050741 0.020055
0 0.554588 0.213813 0.048107 0.023918
0 0.511805 0.195625 0.052185 0.015068
0 0.677019 0.215647 0.049579 0.022746
0 0.632436 0.197776 0.036073 0.032403
0 0.374623 0.380914 0.030349 0.032871
0 0.345577 0.410476 0.041604 0.028267
0 0.131471 0.398254 0.046771 0.022697
0 0.086212 0.386788 0.049402 0.018209
0 0.759980 0.382648 0.048599 0.026514
0 0.736836 0.351440 0.038209 0.033125
0 0.919922 0.361293 0.046674 0.027333
0 0.898306 0.382830 0.054145 0.013867
0 0.570289 0.530840 0.027617 0.034427
0 0.566859 0.495639 0.020812 0.035058
0 0.531754 0.555559 0.035630 0.031977
0 0.513521 0.522997 0.039192 0.030360
0 0.403191 0.380925 0.038466 0.029570
0 0.374839 0.410718 0.036031 0.030742
0 0.215291 0.430826 0.040148 0.029705
0 0.187911 0.461507 0.033711 0.032469
0 0.942333 0.508478 0.043186 0.025815
0 0.907091 0.484392 0.045925 0.023286
0 0.385266 0.738891 0.052246 0.016882
0 0.330825 0.734745 0.052438 0.015711
0 0.572669 0.357832 0.041352 0.023963
0 0.527909 0.346385 0.044830 0.019784
0 0.669985 0.628553 0.044423 0.028285
0 0.631885 0.601761 0.039075 0.031359
0 0.186705 0.272096 0.049016 0.022920
0 0.137086 0.277880 0.049910 0.021493
0 0.522975 0.670989 0.034671 0.033601
0 0.512174 0.634886 0.025231 0.035573
0 0.518621 0.287796 0.041369 0.026969
0 0.494756 0.314239 0.045777 0.023046
0 0.915737 0.564993 0.045717 0.021914
0 0.888392 0.538589 0.036786 0.028822
0 0.824109 0.524965 0.047315 0.019211
0 0.777407 0.511953 0.047518 0.018848
0 0.237201 0.281971 0.047810 0.024817
0 0.197469 0.258916 0.049818 0.022207
0 0.398646 0.553494 0.041125 0.029489
0 0.358328 0.577321 0.040419 0.029866
0 0.730386 0.399983 0.042666 0.027219
0 0.688395 0.421703 0.046021 0.024311
0 0.643641 0.513368 0.048985 0.018276
0 0.603656 0.495968 0.049308 0.017264
0 0.821753 0.670601 0.047058 0.022140
0 0.790790 0.694053 0.046977 0.022265
0 0.969037 0.586372 0.048880 0.016370
0 0.949163 0.612041 0.040790 0.027037
0 0.718368 0.360131 0.035199 0.030328
0 0.679888 0.343787 0.037607 0.029183
0 0.674736 0.362810 0.039967 0.024195
0 0.629323 0.349712 0.038940 0.025077
0 0.591570 0.428737 0.048187 0.023244
0 0.539531 0.424058 0.051817 0.014887
0 0.438885 0.294960 0.047588 0.022749
0 0.392516 0.281155 0.051143 0.013490
0 0.940311 0.482667 0.030493 0.031018
0 0.966021 0.467753 0.032732 0.030413
0 0.835303 0.712459 0.043246 0.025192
0 0.789802 0.727277 0.049145 0.015437
0 0.925506 0.599654 0.047940 0.015072
0 0.879269 0.589495 0.045045 0.021768
0 0.221755 0.386020 0.046870 0.017870
0 0.190410 0.362479 0.032697 0.029692
0 0.714470 0.389692 0.037154 0.024605
0 0.677988 0.408723 0.040273 0.021975
0 0.834361 0.299599 0.029881 0.034159
0 0.807132 0.268697 0.043817 0.028324
0 0.789974 0.399385 0.044920 0.023725
0 0.744419 0.411616 0.042080 0.026212
0 0.380333 0.262212 0.043134 0.023010
0 0.345449 0.284967 0.039142 0.026326
0 0.276569 0.669354 0.048085 0.013922
0 0.226610 0.667735 0.048124 0.013566
0 0.487404 0.628664 0.023892 0.035953
0 0.493381 0.666026 0.021102 0.036202
0 0.451425 0.198400 0.028352 0.034027
0 0.410133 0.183592 0.050563 0.019911
0 0.359714 0.364599 0.029515 0.032829
0 0.335354 0.395744 0.039923 0.028882
0 0.820136 0.541590 0.047958 0.014582
0 0.770966 0.547339 0.046620 0.019073
0 0.423208 0.532991 0.046097 0.022205
0 0.373541 0.531429 0.049157 0.015189
0 0.963201 0.571978 0.046807 0.016533
0 0.917154 0.583129 0.046966 0.015397
0 0.498947 0.255162 0.030733 0.029834
0 0.466920 0.279601 0.042298 0.023488
0 0.660336 0.374152 0.038662 0.024229
0 0.616422 0.369140 0.045019 0.013314
0 0.756746 0.424216 0.041708 0.025096
0 0.718240 0.445859 0.041138 0.025584
0 0.501278 0.179890 0.049459 0.015829
0 0.448977 0.173124 0.049688 0.014935
0 0.436420 0.478090 0.033030 0.030401
0 0.396916 0.493956 0.041907 0.025645
0 0.138812 0.614256 0.050291 0.013835
0 0.089806 0.610952 0.044475 0.024985
0 0.320142 0.308862 0.023798 0.030912
0 0.316067 0.337800 0.032782 0.028960
0 0.273463 0.357980 0.046417 0.015012
0 0.224929 0.358972 0.046697 0.013426
0 0.529578 0.309725 0.021386 0.029442
0 0.500822 0.331147 0.037834 0.024175
0 0.390879 0.355369 0.032917 0.027245
0 0.364789 0.331964 0.021975 0.029644
0 0.075880 0.472596 0.034214 0.032239
0 0.057875 0.438904 0.024685 0.034237
0 0.728633 0.538577 0.046962 0.016451
0 0.691302 0.519477 0.042188 0.023866
0 0.699756 0.505157 0.041855 0.024595
0 0.653758 0.499725 0.046597 0.018633
0 0.321564 0.700817 0.044102 0.021509
0 0.287595 0.683724 0.047084 0.014296
0 0.495708 0.459661 0.039706 0.024895
0 0.455206 0.455887 0.045952 0.016275
0 0.443666 0.674683 0.030792 0.021604
0 0.417238 0.693641 0.031511 0.021224
0 0.885881 0.645150 0.047446 0.023569
0 0.835427 0.642915 0.051041 0.016603
0 0.667302 0.755471 0.041897 0.026150
0 0.623904 0.740682 0.041064 0.026807
0 0.223581 0.240421 0.041933 0.025267
0 0.182258 0.239101 0.047950 0.016900
0 0.132704 0.314588 0.045224 0.023647
0 0.083257 0.321316 0.049416 0.015320
0 0.422131 0.305867 0.043093 0.021868
0 0.376824 0.295608 0.046269 0.014940
0 0.560764 0.285102 0.039032 0.025274
0 0.531918 0.259311 0.033260 0.028361
0 0.644567 0.339049 0.037552 0.024503
0 0.614056 0.315948 0.038213 0.023969
0 0.697366 0.380219 0.035579 0.024170
0 0.661729 0.398223 0.039136 0.021248
0 0.142653 0.367626 0.037602 0.022455
0 0.103817 0.353737 0.038378 0.021765
0 0.315913 0.715451 0.047928 0.022175
0 0.272293 0.699309 0.051030 0.014178
0 0.065109 0.356424 0.041823 0.015655
0 0.022224 0.349161 0.041540 0.016831
0 0.308256 0.484854 0.033658 0.029430
0 0.311446 0.452900 0.021532 0.031822
0 0.460490 0.334608 0.041322 0.018262
0 0.417755 0.343326 0.041384 0.018163
0 0.806189 0.652858 0.030721 0.023331
0 0.783386 0.630355 0.030587 0.023404
0 0.767878 0.758553 0.038436 0.013890
0 0.728050 0.753853 0.037731 0.016686
0 0.159742 0.449367 0.036001 0.026772
0 0.151313 0.423817 0.039724 0.024359
0 0.202541 0.497001 0.034654 0.021395
0 0.164588 0.507922 0.038773 0.015983
0 0.468631 0.645153 0.024268 0.024382
0 0.471010 0.671145 0.020070 0.024784
0 0.780725 0.576895 0.035208 0.016523
0 0.743970 0.583399 0.034978 0.016831
0 0.446925 0.322064 0.043736 0.019425
0 0.401137 0.330932 0.044942 0.017165
0 0.877593 0.693138 0.045898 0.016894
0 0.831902 0.693693 0.041574 0.023351
0 0.420348 0.202785 0.041849 0.020601
0 0.380087 0.190950 0.034422 0.026383
0 0.219575 0.507229 0.034265 0.021415
0 0.185350 0.522110 0.034847 0.020897
0 0.236028 0.565982 0.033953 0.020974
0 0.198324 0.559201 0.037236 0.017159
0 0.161248 0.391831 0.035774 0.023181
0 0.124233 0.376925 0.037354 0.021803
0 0.557321 0.231758 0.044176 0.021736
0 0.514879 0.214837 0.043261 0.022812
0 0.954062 0.540586 0.042823 0.016156
0 0.927254 0.519910 0.037558 0.023328
0 0.506143 0.275351 0.036997 0.024810
0 0.478619 0.300007 0.034194 0.026298
0 0.463940 0.254447 0.036507 0.024761
0 0.444649 0.226981 0.028434 0.028098
0 0.438266 0.398746 0.034386 0.025763
0 0.413972 0.424598 0.032472 0.026727
0 0.876925 0.677559 0.036503 0.016254
0 0.863093 0.660254 0.036727 0.015594
0 0.692080 0.749344 0.030201 0.019870
0 0.664758 0.733461 0.030182 0.019883
0 0.530504 0.440745 0.042306 0.016916
0 0.486892 0.441680 0.041820 0.017937
0 0.472127 0.597763 0.021286 0.023391
0 0.459863 0.621090 0.023492 0.023224
0 0.393553 0.313411 0.039191 0.017994
0 0.352018 0.307526 0.039948 0.016672
0 0.211648 0.402956 0.039056 0.016113
0 0.172307 0.411289 0.039481 0.014009
0 0.619488 0.226885 0.024496 0.022250
0 0.609868 0.203595 0.024247 0.022334
0 0.270854 0.311173 0.028366 0.018618
0 0.245857 0.326337 0.029110 0.017883
0 0.921123 0.414396 0.038763 0.022268
0 0.882858 0.430846 0.039462 0.021684
0 0.780336 0.528262 0.042715 0.015922
0 0.735650 0.524093 0.042728 0.015839
0 0.164999 0.550718 0.025125 0.022934
0 0.155598 0.526514 0.023556 0.023341
0 0.511436 0.591696 0.033161 0.017059
0 0.479998 0.577833 0.034138 0.015412
0 0.582692 0.649301 0.028892 0.017413
0 0.610298 0.637144 0.028862 0.017430
0 0.565071 0.266856 0.025133 0.018596
0 0.548677 0.248738 0.024692 0.018826
0 0.689239 0.617777 0.029044 0.017720
0 0.662703 0.603889 0.028589 0.018176
0 0.779448 0.355240 0.029415 0.018012
0 0.754004 0.340056 0.028785 0.018648
