0 0.872338 0.496388 0.075974 0.022391
0 0.750932 0.266247 0.076580 0.017752
0 0.215452 0.601170 0.074488 0.021305
0 0.846711 0.635531 0.071518 0.023398
0 0.545966 0.676504 0.042910 0.045087
0 0.256841 0.259797 0.031247 0.048223
0 0.720426 0.576107 0.075305 0.021815
0 0.589895 0.775295 0.073444 0.024273
0 0.575399 0.735913 0.029960 0.049964
0 0.795349 0.568287 0.067097 0.032223
0 0.092865 0.569303 0.057196 0.039829
0 0.048534 0.553846 0.056352 0.040324
0 0.671898 0.249067 0.073881 0.024598
0 0.994683 0.410808 0.047988 0.043016
0 0.998567 0.361733 0.042618 0.044988
0 0.251143 0.634259 0.071384 0.024360
0 0.904776 0.636213 0.064076 0.031981
0 0.652269 0.738847 0.051108 0.039267
0 0.209745 0.462729 0.056178 0.036219
0 0.394062 0.471074 0.064421 0.028857
0 0.440204 0.610190 0.033123 0.049621
0 0.874776 0.362724 0.048599 0.044767
0 0.572898 0.443452 0.021083 0.046288
0 0.206150 0.196721 0.064571 0.028108
0 0.760542 0.295987 0.057886 0.039758
0 0.695979 0.275300 0.067104 0.032082
0 0.538167 0.489173 0.029737 0.045408
0 0.517557 0.459155 0.034557 0.044582
0 0.059879 0.606497 0.052329 0.037854
0 0.036408 0.568359 0.052134 0.037968
0 0.353979 0.734815 0.065532 0.033540
0 0.065384 0.543304 0.054452 0.038765
0 0.027969 0.501298 0.039696 0.044971
0 0.628231 0.793466 0.068936 0.021923
0 0.559315 0.790445 0.070610 0.014870
0 0.417039 0.436829 0.043473 0.041686
0 0.696013 0.608544 0.063338 0.033134
0 0.669305 0.571184 0.041463 0.045282
0 0.062263 0.292019 0.070289 0.013982
0 0.049656 0.273575 0.069159 0.020139
0 0.712623 0.316716 0.063290 0.030646
0 0.665209 0.281794 0.054192 0.038053
0 0.904310 0.463022 0.072606 0.014910
0 0.835076 0.476305 0.065128 0.031265
0 0.864148 0.314957 0.066817 0.025209
0 0.814255 0.295299 0.070114 0.015426
0 0.229221 0.334565 0.067938 0.014123
0 0.161016 0.327163 0.062023 0.028541
0 0.391624 0.667648 0.045435 0.043236
0 0.365604 0.616630 0.028965 0.047180
0 0.680784 0.666542 0.070369 0.014947
0 0.615794 0.668761 0.060093 0.033577
0 0.215424 0.296774 0.054298 0.035140
0 0.064497 0.475447 0.050070 0.040113
0 0.181501 0.279998 0.064989 0.023358
0 0.118232 0.272371 0.064060 0.024912
0 0.226696 0.528753 0.064517 0.026595
0 0.172172 0.543753 0.048946 0.039494
0 0.971751 0.658599 0.021706 0.043282
0 0.949748 0.643452 0.021689 0.043283
0 0.414927 0.695720 0.054139 0.034984
0 0.356538 0.715270 0.058355 0.031552
0 0.474959 0.548506 0.065806 0.020773
0 0.428562 0.578686 0.049123 0.037962
0 0.234728 0.391561 0.051124 0.037540
0 0.717746 0.231216 0.063996 0.024904
0 0.653198 0.236827 0.065955 0.021125
0 0.544681 0.533901 0.030746 0.042641
0 0.517575 0.502961 0.040287 0.040259
0 0.910052 0.391247 0.067625 0.017473
0 0.301347 0.367231 0.065815 0.022029
0 0.232681 0.364475 0.067709 0.014182
0 0.220414 0.427305 0.046481 0.038305
0 0.771028 0.673858 0.063528 0.030671
0 0.749118 0.642238 0.053448 0.038680
0 0.179247 0.669981 0.066695 0.020928
0 0.139221 0.682463 0.057229 0.033494
0 0.910035 0.324983 0.030659 0.044611
0 0.887105 0.291551 0.031203 0.044530
0 0.376244 0.746116 0.063071 0.027207
0 0.304495 0.587662 0.066426 0.016196
0 0.234775 0.565868 0.060235 0.029036
0 0.744218 0.216340 0.048774 0.037442
0 0.717781 0.182849 0.062180 0.025920
0 0.602070 0.317633 0.060114 0.018631
0 0.559745 0.296621 0.021360 0.040606
0 0.807869 0.500610 0.069611 0.020344
0 0.877247 0.514557 0.069514 0.020652
0 0.507553 0.201478 0.066614 0.025326
0 0.366525 0.686207 0.064999 0.027145
0 0.356046 0.656283 0.043360 0.042458
0 0.926975 0.344241 0.029162 0.044704
0 0.943733 0.310476 0.043297 0.041256
0 0.579243 0.614029 0.023002 0.042805
0 0.563941 0.573010 0.047461 0.036458
0 0.281329 0.424955 0.048120 0.036071
0 0.268860 0.459441 0.049717 0.035162
0 0.602093 0.181269 0.034731 0.045415
0 0.563548 0.160291 0.043766 0.042888
0 0.759531 0.454013 0.062155 0.029188
0 0.696688 0.472616 0.068379 0.015326
0 0.333727 0.178568 0.064085 0.022234
0 0.269712 0.177382 0.060562 0.027838
0 0.853345 0.370478 0.045776 0.037139
0 0.811825 0.368315 0.057647 0.028647
0 0.596784 0.743637 0.027254 0.046206
0 0.590301 0.698717 0.047934 0.040866
0 0.624376 0.725423 0.028829 0.044865
0 0.632273 0.694137 0.067604 0.017853
0 0.545559 0.646299 0.058475 0.033471
0 0.510227 0.616901 0.066317 0.023897
0 0.098614 0.530727 0.024091 0.043590
0 0.064570 0.516234 0.041855 0.040001
0 0.173140 0.314001 0.058634 0.029105
0 0.118604 0.311571 0.049016 0.036471
0 0.066034 0.401883 0.062669 0.022681
0 0.007537 0.407584 0.050017 0.035538
0 0.258474 0.593051 0.061693 0.030576
0 0.086172 0.331712 0.056469 0.033084
0 0.023470 0.328626 0.064728 0.023067
0 0.600316 0.588516 0.021481 0.044051
0 0.247032 0.466210 0.051972 0.035921
0 0.233507 0.497973 0.040351 0.041263
0 0.089544 0.472292 0.048154 0.036938
0 0.062446 0.432090 0.025099 0.043275
0 0.647444 0.222124 0.063277 0.020312
0 0.598055 0.220495 0.055093 0.031492
0 0.633879 0.586095 0.041348 0.039491
0 0.419512 0.518723 0.060423 0.024126
0 0.358436 0.521396 0.057439 0.028247
0 0.465627 0.534421 0.062171 0.020584
0 0.415764 0.564575 0.048782 0.035002
0 0.308601 0.557183 0.063404 0.018177
0 0.364303 0.438024 0.040061 0.038595
0 0.325411 0.431073 0.062926 0.014858
0 0.378241 0.452411 0.040957 0.036955
0 0.329727 0.455543 0.051129 0.031226
0 0.244301 0.619705 0.064488 0.023242
0 0.370837 0.193293 0.058952 0.028154
0 0.314373 0.194947 0.052736 0.033732
0 0.974683 0.457044 0.064610 0.021105
0 0.919799 0.448217 0.066169 0.014139
0 0.720295 0.433113 0.056171 0.030002
0 0.657316 0.441002 0.064066 0.014859
0 0.120031 0.472826 0.049568 0.035245
0 0.183680 0.638312 0.062813 0.021682
0 0.124037 0.644195 0.056506 0.030296
0 0.808848 0.728804 0.061734 0.019868
0 0.746570 0.725536 0.062805 0.015045
0 0.614732 0.449675 0.058547 0.024602
0 0.502875 0.404182 0.056559 0.030762
0 0.452638 0.424008 0.039880 0.040217
0 0.359071 0.230605 0.063891 0.020787
0 0.308352 0.256669 0.048316 0.036801
0 0.549420 0.714450 0.056502 0.031968
0 0.501010 0.745929 0.053563 0.034284
0 0.639308 0.546098 0.063839 0.016224
0 0.606771 0.518870 0.050826 0.034304
0 0.650947 0.642827 0.055550 0.032099
0 0.603423 0.635802 0.047753 0.037234
0 0.908991 0.571177 0.024821 0.040549
0 0.889415 0.549442 0.040710 0.037075
0 0.471622 0.210797 0.040621 0.042297
0 0.473102 0.165428 0.022995 0.045384
0 0.236087 0.242766 0.040824 0.039843
0 0.854248 0.451554 0.061173 0.026072
0 0.796049 0.474275 0.058889 0.028976
0 0.157149 0.489103 0.051327 0.033576
0 0.099391 0.499944 0.061939 0.021496
0 0.603704 0.478875 0.058777 0.024052
0 0.551040 0.457369 0.027697 0.040885
0 0.412757 0.619377 0.033343 0.041290
0 0.409138 0.660610 0.041624 0.038883
0 0.355317 0.562791 0.049067 0.034198
0 0.297334 0.571952 0.062477 0.016374
0 0.658909 0.302673 0.044729 0.036069
0 0.625723 0.268613 0.025101 0.041184
0 0.322152 0.159769 0.062758 0.023198
0 0.536587 0.590513 0.062942 0.019767
0 0.486435 0.569711 0.062661 0.020572
0 0.555751 0.383765 0.062880 0.013727
0 0.492050 0.390612 0.055721 0.028926
0 0.725440 0.497655 0.050399 0.033975
0 0.666714 0.487693 0.062843 0.017983
0 0.163703 0.382030 0.056071 0.025068
0 0.128581 0.343740 0.028582 0.039498
0 -0.002776 0.394868 0.050136 0.035743
0 0.276640 0.290591 0.022184 0.042861
0 0.269469 0.324719 0.045373 0.037470
0 0.153851 0.620661 0.061127 0.022610
0 0.093932 0.606243 0.054534 0.030821
0 0.274083 0.209894 0.057683 0.025946
0 0.217732 0.233445 0.040524 0.037892
0 0.619901 0.414488 0.047289 0.035234
0 0.564482 0.398745 0.062911 0.013961
0 0.474443 0.486321 0.047288 0.034449
0 0.451937 0.480548 0.046990 0.034614
0 1.013808 0.426782 0.040501 0.037241
0 0.962130 0.436433 0.058919 0.022547
0 0.473211 0.722203 0.053645 0.031783
0 0.421312 0.748779 0.058813 0.026593
0 0.329246 0.692105 0.038789 0.041303
0 0.291553 0.655681 0.055446 0.032873
0 0.533241 0.767616 0.051393 0.035019
0 0.478021 0.779857 0.056560 0.031031
0 0.444543 0.241848 0.051565 0.033042
0 0.418071 0.203674 0.033720 0.040680
0 0.272093 0.528141 0.021994 0.042229
0 0.256134 0.505168 0.038871 0.039305
0 0.748404 0.745134 0.063935 0.019989
0 0.698476 0.725510 0.049778 0.035758
0 0.602201 0.248254 0.034320 0.040765
0 0.593044 0.287707 0.041931 0.038449
0 0.424613 0.363316 0.038530 0.037703
0 0.395619 0.400806 0.038689 0.037652
0 0.762733 0.504178 0.026556 0.039376
0 0.752388 0.476747 0.052454 0.028424
0 0.327211 0.330646 0.037114 0.036938
0 0.311207 0.353305 0.058395 0.019343
0 0.864721 0.430910 0.059778 0.028179
0 0.805452 0.452395 0.057753 0.030297
0 0.352222 0.216045 0.063195 0.021299
0 0.297161 0.241575 0.048931 0.036032
0 0.183334 0.611308 0.062697 0.022861
0 0.119901 0.596563 0.061661 0.024585
0 0.952097 0.396185 0.043626 0.037012
0 0.652912 0.416655 0.048904 0.033408
0 0.620074 0.389184 0.061026 0.018671
0 0.288205 0.394981 0.044874 0.036632
0 0.247445 0.428696 0.045535 0.036325
0 0.728616 0.710190 0.064672 0.015179
0 0.792441 0.700659 0.061716 0.023920
0 0.429335 0.253153 0.051356 0.032490
0 0.400116 0.215786 0.033337 0.040272
0 0.657975 0.378746 0.060862 0.017369
0 0.595930 0.369841 0.059734 0.021042
0 0.541992 0.353194 0.061288 0.015250
0 0.473711 0.352912 0.057490 0.024880
0 0.608391 0.338709 0.050984 0.026930
0 0.548661 0.323489 0.056638 0.017457
0 0.533127 0.367954 0.061480 0.015047
0 0.194826 0.551887 0.043520 0.037046
0 0.245394 0.551576 0.059493 0.024050
0 0.483532 0.338846 0.055669 0.026368
0 0.424385 0.337026 0.058399 0.022242
0 0.317734 0.529081 0.024819 0.040484
0 0.320933 0.488296 0.034626 0.038885
0 0.934041 0.496950 0.053693 0.024853
0 0.887113 0.479772 0.057679 0.015824
0 0.475293 0.509301 0.046468 0.034781
0 0.428245 0.504776 0.058907 0.023288
0 0.568509 0.189235 0.054208 0.029094
0 0.516054 0.169042 0.061459 0.015971
0 0.691469 0.191567 0.058300 0.025077
0 0.644216 0.170833 0.031956 0.040316
0 0.367309 0.372950 0.036259 0.038004
0 0.332329 0.407306 0.049093 0.032118
0 0.108247 0.396653 0.055383 0.025176
0 0.054438 0.381708 0.059627 0.014799
0 0.789797 0.377938 0.059018 0.027221
0 0.763397 0.342659 0.036086 0.040729
0 0.957733 0.346352 0.045870 0.036522
0 0.931698 0.373854 0.062978 0.017039
0 0.572175 0.537375 0.041022 0.037481
0 0.564908 0.499105 0.030798 0.040334
0 0.526943 0.564152 0.041843 0.036773
0 0.509627 0.525695 0.039120 0.037807
0 0.395340 0.368410 0.036572 0.037580
0 0.365880 0.404966 0.041348 0.035888
0 0.193582 0.426491 0.043247 0.035991
0 0.157555 0.460438 0.036387 0.038497
0 0.989562 0.510058 0.053053 0.027447
0 0.945779 0.483974 0.055458 0.024559
0 0.370701 0.768141 0.062160 0.014284
0 0.309408 0.759809 0.062156 0.014314
0 0.586849 0.347569 0.047064 0.029225
0 0.533497 0.336937 0.055636 0.017344
0 0.686051 0.642153 0.052911 0.031274
0 0.636640 0.614338 0.049459 0.033804
0 0.152662 0.252400 0.051339 0.031692
0 0.102225 0.259512 0.059882 0.021708
0 0.507389 0.646067 0.029539 0.041431
0 0.525122 0.267310 0.039952 0.035645
0 0.495977 0.297243 0.057064 0.021396
0 0.947082 0.572000 0.054104 0.024710
0 0.923489 0.539054 0.025938 0.038429
0 0.862480 0.526872 0.057204 0.018926
0 0.805411 0.514725 0.057322 0.018526
0 0.210266 0.269024 0.061544 0.017902
0 0.171251 0.243073 0.052349 0.031225
0 0.390120 0.560722 0.049292 0.033024
0 0.349046 0.592801 0.042846 0.036468
0 0.757725 0.399086 0.046606 0.033358
0 0.706204 0.421259 0.053726 0.027867
0 0.648433 0.516008 0.058420 0.018788
0 0.601394 0.494724 0.055959 0.023659
0 0.849965 0.687675 0.045287 0.033508
0 0.804286 0.713517 0.057805 0.021087
0 1.008290 0.595273 0.057054 0.020698
0 0.987452 0.620512 0.049297 0.030030
0 0.743619 0.352123 0.032183 0.038066
0 0.701562 0.333416 0.048363 0.031224
0 0.704895 0.355349 0.047028 0.028341
0 0.647550 0.340332 0.044310 0.030352
0 0.601281 0.423366 0.046948 0.034077
0 0.544889 0.413995 0.061383 0.013674
0 0.429324 0.273579 0.049981 0.031318
0 0.378283 0.258509 0.059036 0.020384
0 0.985226 0.483867 0.039431 0.035120
0 1.012584 0.466798 0.035590 0.036400
0 0.862252 0.724379 0.048656 0.030672
0 0.810714 0.744374 0.058222 0.017576
0 0.955981 0.612293 0.056639 0.018688
0 0.909981 0.599283 0.056520 0.019062
0 0.202548 0.377439 0.054495 0.022182
0 0.155301 0.353258 0.030075 0.037105
0 0.740232 0.389859 0.042178 0.029990
0 0.691801 0.408344 0.050502 0.022418
0 0.860630 0.286538 0.029767 0.040690
0 0.829493 0.251501 0.053859 0.030019
0 0.826348 0.394378 0.053014 0.026899
0 0.772584 0.410665 0.045679 0.032653
0 0.374276 0.243705 0.055613 0.019445
0 0.328044 0.264919 0.041698 0.033004
0 0.258948 0.688523 0.057501 0.013816
0 0.199802 0.686260 0.057481 0.014037
0 0.480512 0.639529 0.023980 0.042273
0 0.496664 0.681402 0.027305 0.041985
0 0.450325 0.168787 0.024726 0.040754
0 0.405565 0.157205 0.060847 0.018293
0 0.353013 0.356392 0.033494 0.038513
0 0.322876 0.392294 0.047874 0.032588
0 0.849492 0.544923 0.056997 0.016384
0 0.792428 0.551941 0.052838 0.025218
0 0.406568 0.533355 0.052741 0.027046
0 0.354188 0.540517 0.055136 0.024051
0 1.000318 0.581060 0.054572 0.021304
0 0.950268 0.590264 0.053489 0.023034
0 0.472355 0.264012 0.044735 0.031170
0 0.689634 0.366604 0.045125 0.028826
0 0.638751 0.361703 0.053875 0.016560
0 0.786146 0.423124 0.045160 0.031797
0 0.736115 0.444443 0.049803 0.028399
0 0.513303 0.153717 0.058908 0.016053
0 0.441213 0.140434 0.057991 0.019806
0 0.427348 0.476516 0.045686 0.032086
0 0.376892 0.496149 0.051433 0.027652
0 0.101342 0.630678 0.059085 0.017328
0 0.049083 0.624015 0.042484 0.034965
0 0.302730 0.294759 0.028089 0.036795
0 0.299493 0.327455 0.037330 0.034425
0 0.252077 0.349460 0.056062 0.013849
0 0.193992 0.349432 0.056070 0.013736
0 0.536771 0.296054 0.020550 0.035765
0 0.505412 0.317870 0.039483 0.031460
0 0.380097 0.337094 0.030865 0.034747
0 0.345916 0.319429 0.034569 0.033727
0 0.037723 0.477283 0.044261 0.035428
0 0.016764 0.438401 0.022941 0.040696
0 0.744659 0.547166 0.056858 0.013844
0 0.703667 0.525658 0.047721 0.029311
0 0.713643 0.511328 0.046843 0.030390
0 0.659753 0.502318 0.056415 0.018212
0 0.305782 0.724931 0.048124 0.028685
0 0.270495 0.703222 0.056540 0.014041
0 0.493171 0.451022 0.037852 0.033935
0 0.449938 0.452306 0.055834 0.013622
0 0.444788 0.697493 0.037106 0.026239
0 0.409314 0.719216 0.040863 0.023439
0 0.907664 0.655935 0.056251 0.025824
0 0.849964 0.652382 0.059291 0.020824
0 0.665658 0.771972 0.042599 0.034118
0 0.628932 0.766769 0.046585 0.031958
0 0.199788 0.224080 0.039010 0.035111
0 0.161297 0.219089 0.057928 0.013895
0 0.104550 0.299392 0.044581 0.033430
0 0.051435 0.307287 0.059109 0.013808
0 0.411615 0.283303 0.046500 0.029305
0 0.358780 0.276946 0.055195 0.017701
0 0.568258 0.265687 0.042158 0.031782
0 0.536295 0.232735 0.037583 0.033917
0 0.663365 0.329635 0.044105 0.028983
0 0.626824 0.301668 0.043086 0.029641
0 0.721600 0.381413 0.041626 0.028944
0 0.674350 0.397162 0.049578 0.021150
0 0.113344 0.363719 0.042549 0.028266
0 0.070068 0.343172 0.043429 0.027625
0 0.290860 0.738828 0.055831 0.025678
0 0.034601 0.349310 0.050771 0.017954
0 -0.016870 0.346160 0.049122 0.021138
0 0.293027 0.489756 0.037999 0.034971
0 0.296892 0.455502 0.044652 0.031779
0 0.465969 0.317038 0.051666 0.015976
0 0.412991 0.323964 0.050493 0.019805
0 0.833960 0.665085 0.046285 0.019591
0 0.803587 0.640383 0.029528 0.030800
0 0.789775 0.777082 0.047902 0.013361
0 0.740189 0.779172 0.047852 0.013935
0 0.122217 0.452098 0.042585 0.031273
0 0.115637 0.424586 0.043219 0.030933
0 0.178164 0.496908 0.040576 0.026475
0 0.136395 0.513262 0.048023 0.016964
0 0.465086 0.664280 0.033746 0.028386
0 0.474877 0.695143 0.022171 0.030893
0 0.798965 0.585161 0.042353 0.021268
0 0.753761 0.594111 0.044563 0.017601
0 0.437992 0.304650 0.054516 0.016677
0 0.380691 0.311577 0.054957 0.014445
0 0.908441 0.703431 0.055763 0.014828
0 0.857126 0.705624 0.044759 0.030530
0 0.411932 0.173586 0.053188 0.017804
0 0.368257 0.164818 0.032822 0.034113
0 0.191682 0.508813 0.040853 0.025945
0 0.155033 0.532036 0.039636 0.026811
0 0.209144 0.578433 0.033397 0.029397
0 0.175276 0.577420 0.042974 0.023428
0 0.139552 0.390722 0.047505 0.022881
0 0.094599 0.372292 0.042037 0.027871
0 0.564336 0.205641 0.050607 0.026707
0 0.514219 0.186288 0.055002 0.020617
0 0.992203 0.541984 0.049534 0.022389
0 0.974013 0.521924 0.047544 0.024886
0 0.510357 0.254804 0.036999 0.032636
0 0.478483 0.283795 0.049219 0.024386
0 0.462647 0.232841 0.043835 0.028719
0 0.439943 0.200237 0.031169 0.034128
0 0.432688 0.385333 0.035570 0.032757
0 0.407348 0.417998 0.036240 0.032519
0 0.895378 0.686831 0.045990 0.016483
0 0.893122 0.671163 0.045682 0.017579
0 0.701573 0.779901 0.033626 0.026022
0 0.675183 0.754643 0.035386 0.025137
0 0.533579 0.428775 0.052385 0.013712
0 0.481804 0.431691 0.046877 0.025155
0 0.465845 0.605664 0.024559 0.029434
0 0.452991 0.635599 0.027926 0.028802
0 0.387613 0.294109 0.047751 0.020542
0 0.339156 0.293683 0.048778 0.018816
0 0.192378 0.400357 0.041777 0.025833
0 0.145988 0.412745 0.046828 0.020199
0 0.634367 0.201208 0.026316 0.028477
0 0.620920 0.172062 0.026548 0.028427
0 0.247278 0.297537 0.034776 0.023198
0 0.225808 0.318566 0.040686 0.015243
0 0.964924 0.410605 0.038556 0.031091
0 0.914158 0.426783 0.046329 0.026001
0 0.809773 0.530672 0.051989 0.016811
0 0.755827 0.532082 0.052540 0.013732
0 0.137862 0.563823 0.027555 0.029039
0 0.122327 0.534686 0.022334 0.029731
0 0.504711 0.600214 0.042505 0.018415
0 0.470883 0.582660 0.042965 0.017615
0 0.580100 0.667839 0.038189 0.019295
0 0.614623 0.651764 0.035490 0.021949
0 0.572238 0.245660 0.031122 0.023367
0 0.552972 0.221674 0.030610 0.023638
0 0.703289 0.630923 0.036615 0.021448
0 0.668131 0.614443 0.035911 0.022050
0 0.809831 0.350457 0.038440 0.020430
0 0.779627 0.330438 0.027325 0.026583
0 0.390624 0.594257 0.034024 0.032866
0 0.384490 0.627332 0.025563 0.034696
0 0.949912 0.535527 0.033152 0.024978
0 0.928347 0.512106 0.039586 0.019990
0 0.910218 0.410742 0.035714 0.020638
0 0.874000 0.410847 0.037056 0.019328
0 0.641768 0.470468 0.037568 0.014117
0 0.603691 0.463152 0.036088 0.017872
0 0.749235 0.250712 0.040579 0.015197
0 0.707898 0.256631 0.038079 0.020222
0 0.757389 0.693045 0.038021 0.017801
0 0.717786 0.691631 0.037044 0.019410
0 0.989381 0.567130 0.037077 0.015261
0 0.956542 0.556621 0.036662 0.016547
0 0.810076 0.263030 0.038288 0.018568
0 0.782440 0.242978 0.034709 0.022345
0 0.350878 0.484653 0.022734 0.024543
0 0.339267 0.506203 0.024370 0.024351
0 0.831422 0.339784 0.035157 0.021428
0 0.799818 0.324391 0.026066 0.025709
0 0.773360 0.637889 0.034619 0.021884
0 0.746647 0.616735 0.033510 0.022707
0 0.820807 0.280297 0.040195 0.014061
0 0.778608 0.280857 0.039981 0.014764
0 0.271822 0.672172 0.038135 0.016374
0 0.232638 0.669984 0.038422 0.015066
0 0.253817 0.655438 0.035864 0.020142
0 0.215789 0.652306 0.037010 0.018777
0 0.176758 0.655422 0.038463 0.016249
0 0.138406 0.656374 0.035582 0.020367
0 0.789495 0.227074 0.035063 0.020988
0 0.761369 0.206987 0.031583 0.023318
0 0.513903 0.711166 0.025615 0.025841
0 0.489447 0.733303 0.034687 0.021885
0 0.864388 0.593093 0.030968 0.021555
0 0.836046 0.575844 0.034002 0.019204
0 0.263757 0.718244 0.031657 0.013264
0 0.231095 0.713483 0.031579 0.013626
0 0.750235 0.564455 0.037086 0.017871
0 0.710586 0.559349 0.038077 0.016212
0 0.270994 0.194370 0.034319 0.017929
0 0.236198 0.204860 0.035106 0.016646
0 0.041599 0.442555 0.022270 0.023957
0 0.037668 0.417123 0.020645 0.024123
0 0.838925 0.424085 0.034619 0.018838
0 0.804008 0.432691 0.031428 0.021496
0 0.690776 0.541572 0.037531 0.016712
0 0.653243 0.532218 0.038006 0.014852
0 0.458270 0.751599 0.035082 0.020830
0 0.422751 0.765450 0.037137 0.018618
0 0.859352 0.613392 0.032444 0.020855
0 0.833998 0.593810 0.032269 0.021000
0 0.547126 0.737425 0.029960 0.023271
0 0.518613 0.756244 0.032817 0.021757
0 0.487121 0.373128 0.031430 0.013850
0 0.456336 0.364406 0.030411 0.016418
0 0.536316 0.698122 0.025585 0.020644
0 0.519409 0.678440 0.021722 0.021446
0 0.559707 0.633572 0.032410 0.023975
0 0.546411 0.609498 0.038041 0.019617
0 0.316212 0.709396 0.028237 0.023536
0 0.299988 0.685367 0.024782 0.024493
0 0.654646 0.713985 0.031715 0.019797
0 0.684313 0.698790 0.034683 0.016322
0 0.186236 0.467526 0.031046 0.020437
0 0.210819 0.486558 0.028564 0.021756
0 0.858522 0.399225 0.032998 0.017511
0 0.827149 0.411779 0.032594 0.018089
0 0.795322 0.761156 0.040709 0.013353
0 0.752946 0.760292 0.040285 0.015680
0 0.703135 0.211386 0.037839 0.017820
0 0.664891 0.200957 0.038042 0.017537
0 0.823045 0.613676 0.036546 0.015885
0 0.784512 0.619199 0.035767 0.017233
0 0.681575 0.681911 0.036839 0.013961
0 0.642754 0.680445 0.036631 0.014595
0 0.820456 0.679898 0.032741 0.021451
0 0.792518 0.661094 0.029244 0.023333
0 0.274307 0.382175 0.027610 0.020283
0 0.253444 0.401192 0.028006 0.020082
0 0.304950 0.215992 0.030909 0.017496
0 0.274587 0.227304 0.032029 0.015771
0 0.505515 0.220554 0.019696 0.018974
0 0.496554 0.239642 0.019692 0.018975
0 0.159511 0.589074 0.035674 0.018737
0 0.122001 0.580868 0.035732 0.018649
0 0.804402 0.601068 0.032925 0.015791
0 0.769849 0.606382 0.032874 0.015876
0 0.733493 0.677352 0.027591 0.023208
0 0.726325 0.652343 0.024767 0.023986
0 0.713337 0.761871 0.035838 0.018392
0 0.688053 0.740847 0.032333 0.021695
0 0.328970 0.658434 0.030742 0.021564
0 0.300358 0.641290 0.031565 0.021119
0 0.746219 0.311761 0.035533 0.018204
0 0.711773 0.299031 0.035204 0.018728
0 0.459529 0.384601 0.027187 0.021151
0 0.441448 0.405342 0.026767 0.021331
0 0.176033 0.296844 0.032991 0.015020
0 0.143524 0.286069 0.031857 0.017127
0 0.168579 0.423501 0.029518 0.019635
0 0.145420 0.441473 0.028144 0.020312
0 1.043346 0.572418 0.030622 0.019525
0 1.017033 0.555759 0.030763 0.019377
0 0.848587 0.329679 0.030975 0.018523
0 0.820311 0.315050 0.028249 0.020409
0 0.319494 0.633274 0.029007 0.019496
0 0.293274 0.617796 0.029332 0.019274
0 0.460716 0.769351 0.034244 0.018827
0 0.426612 0.781520 0.034699 0.018227
0 0.897643 0.358513 0.026598 0.021025
0 0.879526 0.338138 0.026576 0.021033
0 0.717241 0.600604 0.030341 0.018170
0 0.689618 0.586731 0.031724 0.016467
0 0.921944 0.625058 0.031928 0.018600
0 0.890982 0.612158 0.032913 0.017503
0 0.335135 0.621418 0.029740 0.019748
0 0.308310 0.605679 0.031208 0.018457
0 0.643721 0.561683 0.031553 0.013649
0 0.610132 0.558827 0.031448 0.013887
0 0.089544 0.446843 0.021645 0.020772
0 0.084934 0.424777 0.022848 0.020652
0 0.881168 0.578865 0.033592 0.019295
0 0.850213 0.563688 0.033669 0.019234
0 0.425746 0.648891 0.028225 0.023128
0 0.445188 0.671737 0.028619 0.022970
0 0.450255 0.715147 0.029806 0.018629
0 0.423652 0.730754 0.030454 0.018098
0 0.581263 0.559844 0.022591 0.021079
0 0.596385 0.539596 0.024616 0.020524
0 0.293560 0.536855 0.019964 0.020639
0 0.297543 0.514978 0.020558 0.020563
0 0.693731 0.457316 0.029548 0.015200
0 0.661138 0.456492 0.030053 0.013318
0 0.392401 0.139159 0.031615 0.013151
0 0.358248 0.139099 0.031605 0.013285
0 0.022291 0.368825 0.031386 0.013908
0 0.055842 0.366828 0.031437 0.013796
0 0.972514 0.364562 0.024611 0.019396
0 0.986954 0.384085 0.023876 0.019533
