0 0.194636 0.614548 0.084288 0.020178
0 0.589435 0.800973 0.084691 0.018674
0 0.534519 0.496173 0.032589 0.051405
0 0.514840 0.460203 0.039269 0.050116
0 0.402740 0.438680 0.053714 0.044755
0 0.673866 0.575456 0.057555 0.046196
0 0.208260 0.322191 0.075532 0.022614
0 0.138023 0.316409 0.062140 0.039065
0 0.349661 0.634054 0.026164 0.053730
0 0.155595 0.263382 0.074852 0.023307
0 0.147030 0.550315 0.058836 0.042170
0 0.414216 0.716758 0.058372 0.040962
0 0.463801 0.553391 0.076597 0.014225
0 0.192846 0.425588 0.051157 0.043769
0 0.798282 0.690411 0.075932 0.027907
0 0.153672 0.690898 0.075708 0.022676
0 0.944425 0.311653 0.028771 0.051160
0 0.917471 0.273708 0.036630 0.050019
0 0.772323 0.189809 0.054221 0.042572
0 0.731680 0.155981 0.074054 0.022299
0 0.570150 0.280155 0.026160 0.046494
0 0.905945 0.516125 0.075585 0.028414
0 0.974689 0.288263 0.052570 0.044740
0 0.566340 0.582273 0.049497 0.043192
0 0.255662 0.422140 0.053178 0.041424
0 0.610942 0.149582 0.033694 0.052089
0 0.708793 0.476880 0.076851 0.020320
0 0.319984 0.153152 0.069454 0.030004
0 0.891311 0.360465 0.048300 0.043561
0 0.846668 0.358129 0.065783 0.031766
0 0.639880 0.705130 0.077161 0.017415
0 0.027975 0.524907 0.061834 0.037074
0 0.149002 0.301889 0.058765 0.039033
0 0.091266 0.299278 0.053926 0.041915
0 0.033127 0.396347 0.069391 0.028294
0 0.233780 0.601002 0.067343 0.036194
0 0.050991 0.320212 0.066988 0.034111
0 0.222561 0.466850 0.063099 0.037146
0 0.026900 0.431680 0.028448 0.049300
0 0.668864 0.197798 0.073663 0.016481
0 0.609313 0.197165 0.052522 0.041925
0 0.395849 0.515578 0.059578 0.036769
0 0.458368 0.537482 0.072958 0.014771
0 0.298564 0.570407 0.071553 0.022714
0 0.311036 0.426398 0.071457 0.019612
0 0.219073 0.634777 0.072620 0.026578
0 0.360012 0.171077 0.063231 0.035144
0 0.952591 0.452307 0.075291 0.016335
0 0.739545 0.429964 0.060607 0.036417
0 0.670569 0.442438 0.073149 0.016859
0 0.149706 0.656957 0.067572 0.030289
0 0.827926 0.748223 0.069877 0.023668
0 0.756421 0.745213 0.071804 0.017320
0 0.351271 0.211061 0.073475 0.020911
0 0.560547 0.735170 0.059146 0.039440
0 0.660796 0.652582 0.060630 0.037758
0 0.606679 0.647284 0.052508 0.042696
0 0.932063 0.577779 0.024997 0.046859
0 0.467127 0.188129 0.041553 0.048833
0 0.215984 0.224580 0.037251 0.047648
0 0.878601 0.449472 0.071019 0.026587
0 0.810148 0.471262 0.062712 0.036212
0 0.128208 0.493320 0.053853 0.040508
0 0.065721 0.508153 0.069774 0.025498
0 0.609125 0.476753 0.062031 0.033044
0 0.546387 0.453262 0.021033 0.047674
0 0.402201 0.632198 0.040950 0.046021
0 0.362227 0.560509 0.051685 0.040911
0 0.289964 0.584907 0.070409 0.022345
0 0.640611 0.245432 0.029004 0.047174
0 0.312166 0.132177 0.066088 0.032854
0 0.534373 0.601077 0.072264 0.020619
0 0.569844 0.373812 0.071821 0.016970
0 0.678070 0.489305 0.071919 0.019833
0 0.139742 0.375058 0.066950 0.023906
0 0.099484 0.336824 0.028536 0.045848
0 0.255954 0.272487 0.029948 0.048489
0 0.254495 0.309685 0.054517 0.040696
0 0.125903 0.636311 0.071228 0.022002
0 0.057529 0.621692 0.061528 0.035050
0 0.193408 0.220965 0.035995 0.046006
0 0.570205 0.389396 0.071769 0.017349
0 0.461102 0.492364 0.060885 0.033941
0 0.443235 0.482036 0.061053 0.033790
0 1.053200 0.422139 0.048705 0.041141
0 0.993140 0.439535 0.069968 0.019117
0 0.414361 0.773028 0.069199 0.026400
0 0.521669 0.795782 0.060466 0.037726
0 0.413275 0.179526 0.037929 0.046309
0 0.255293 0.536128 0.024990 0.048290
0 0.758382 0.766531 0.072502 0.022918
0 0.423649 0.347868 0.042299 0.043446
0 0.393507 0.391765 0.042761 0.043294
0 0.782823 0.510180 0.035130 0.044414
0 0.766909 0.479231 0.049455 0.039428
0 0.321475 0.325575 0.038313 0.043396
0 0.303352 0.345449 0.060675 0.031213
0 0.343303 0.196206 0.072613 0.022021
0 0.155645 0.625334 0.073182 0.021135
0 0.993273 0.396392 0.050505 0.041461
0 0.269030 0.387023 0.053132 0.040327
0 0.429074 0.235788 0.061069 0.034532
0 0.685237 0.373917 0.070808 0.014664
0 0.614906 0.363887 0.066482 0.026771
0 0.552137 0.341407 0.069929 0.019380
0 0.475849 0.339496 0.057829 0.035793
0 0.615462 0.326183 0.050067 0.036941
0 0.549769 0.309931 0.066126 0.017076
0 0.543234 0.356078 0.070214 0.018779
0 0.224152 0.562694 0.069917 0.023355
0 0.486579 0.325269 0.057071 0.035698
0 0.421660 0.318955 0.068506 0.021715
0 0.301764 0.539732 0.022696 0.046981
0 0.308171 0.491490 0.025489 0.046743
0 0.969888 0.498640 0.066796 0.017367
0 0.912660 0.481757 0.066943 0.016776
0 0.411917 0.504498 0.058310 0.035833
0 0.582232 0.168700 0.061129 0.033445
0 0.522172 0.141795 0.066446 0.027371
0 0.708132 0.167643 0.069368 0.023385
0 0.320757 0.403086 0.065144 0.027479
0 0.088570 0.395619 0.066410 0.023827
0 0.025880 0.376077 0.067732 0.020867
0 0.824626 0.369595 0.068824 0.028043
0 0.993499 0.330198 0.044743 0.044400
0 0.972473 0.363200 0.069323 0.025812
0 0.572576 0.538487 0.052275 0.039862
0 0.527173 0.574593 0.052679 0.039217
0 0.125275 0.461821 0.035281 0.045513
0 1.036993 0.507701 0.063115 0.028371
0 0.982560 0.484071 0.068626 0.015495
0 0.353077 0.795645 0.070490 0.020069
0 0.286612 0.784258 0.068732 0.024357
0 0.597999 0.336074 0.049611 0.036308
0 0.538598 0.324253 0.064901 0.018316
0 0.644894 0.623261 0.061431 0.034219
0 0.502746 0.657207 0.040343 0.045597
0 0.537989 0.239492 0.027199 0.045166
0 0.503797 0.276541 0.063757 0.027026
0 0.975857 0.580951 0.062477 0.027555
0 0.961291 0.544612 0.021477 0.045069
0 0.894544 0.528028 0.063901 0.025256
0 0.829310 0.513436 0.066982 0.017515
0 0.181613 0.252205 0.069830 0.022120
0 0.144399 0.223071 0.059714 0.035141
0 0.381140 0.569551 0.050028 0.040777
0 0.332248 0.604488 0.032456 0.046312
0 0.650736 0.517100 0.067840 0.019211
0 0.823121 0.732722 0.065540 0.025120
0 1.042389 0.601175 0.059153 0.031798
0 1.020667 0.627432 0.063138 0.027365
0 0.715601 0.323192 0.063071 0.028119
0 0.729872 0.344664 0.060664 0.025558
0 0.656668 0.333760 0.052244 0.033907
0 0.609189 0.418522 0.054318 0.038107
0 1.034110 0.482751 0.048301 0.038657
0 1.062694 0.462664 0.037608 0.042617
0 0.887995 0.741926 0.054993 0.035332
0 0.827920 0.764656 0.067031 0.020308
0 0.980522 0.622003 0.064289 0.023500
0 0.937958 0.609827 0.066528 0.016720
0 0.178326 0.367788 0.064113 0.022996
0 0.124531 0.342582 0.029713 0.043597
0 0.764834 0.382414 0.052331 0.032011
0 0.710182 0.406892 0.053387 0.031190
0 0.891419 0.272125 0.036687 0.045826
0 0.861088 0.388487 0.062856 0.027991
0 0.798911 0.402538 0.057216 0.033678
0 0.363954 0.225246 0.065259 0.019291
0 0.310466 0.248832 0.046620 0.038360
0 0.239302 0.708898 0.066699 0.015497
0 0.170713 0.709283 0.066794 0.014901
0 0.451298 0.139879 0.027028 0.046860
0 0.348572 0.349668 0.034895 0.044829
0 0.308631 0.389425 0.063311 0.029377
0 0.872151 0.545621 0.066873 0.013896
0 0.810022 0.555121 0.053144 0.035286
0 0.393555 0.534603 0.057085 0.033673
0 0.346197 0.549160 0.050517 0.038045
0 1.030403 0.587606 0.055405 0.032829
0 0.972627 0.597143 0.061068 0.027099
0 0.479649 0.244483 0.049573 0.036631
0 0.713007 0.356140 0.058984 0.026386
0 0.654943 0.356554 0.062881 0.018864
0 0.807990 0.417348 0.056554 0.032826
0 0.751643 0.443540 0.056508 0.032864
0 0.530339 0.127126 0.063075 0.028226
0 0.441199 0.110252 0.062841 0.028530
0 0.423743 0.472518 0.059304 0.031083
0 0.364798 0.489030 0.054964 0.034747
0 0.067893 0.647984 0.068559 0.017128
0 0.008909 0.637079 0.045803 0.041031
0 0.290606 0.284199 0.042367 0.039712
0 0.288224 0.312733 0.039998 0.040525
0 0.169805 0.342880 0.064781 0.017882
0 0.545263 0.280387 0.027380 0.041513
0 0.372873 0.322530 0.040802 0.038658
0 0.336776 0.307438 0.037673 0.039645
0 -0.022319 0.443873 0.025598 0.046755
0 0.757786 0.555572 0.066245 0.013969
0 0.714748 0.530797 0.054869 0.033379
0 0.726723 0.517372 0.054074 0.034377
0 0.664869 0.503334 0.065668 0.019257
0 0.287565 0.749653 0.057248 0.031057
0 0.257052 0.725069 0.065770 0.015402
0 0.491712 0.452637 0.033256 0.042053
0 0.448020 0.448307 0.064553 0.017790
0 0.442083 0.719543 0.042428 0.031404
0 0.400927 0.744720 0.053266 0.021125
0 0.942292 0.674121 0.065231 0.027832
0 0.873584 0.663336 0.066211 0.026315
0 0.675064 0.796373 0.045591 0.040349
0 0.633913 0.788368 0.053957 0.035905
0 0.177195 0.203960 0.031522 0.043853
0 0.133369 0.197925 0.062430 0.027077
0 0.074515 0.288783 0.050216 0.038467
0 0.017765 0.294759 0.068435 0.014689
0 0.346559 0.258951 0.063675 0.021127
0 0.578079 0.243600 0.050396 0.035341
0 0.533538 0.201102 0.055466 0.031667
0 0.672614 0.322898 0.051834 0.032599
0 0.640022 0.285367 0.039343 0.038938
0 0.746430 0.373059 0.050868 0.031552
0 0.693937 0.396179 0.052775 0.030022
0 0.083494 0.358013 0.041405 0.036766
0 0.035912 0.332535 0.054795 0.027982
0 0.007277 0.339168 0.055681 0.026624
0 -0.038607 0.341058 0.057827 0.023508
0 0.275807 0.492370 0.043350 0.040134
0 0.276662 0.454530 0.055064 0.033629
0 0.468578 0.298764 0.061346 0.015115
0 0.405943 0.305963 0.060552 0.018946
0 0.866422 0.678169 0.054109 0.023338
0 0.825790 0.652080 0.030238 0.037283
0 0.808686 0.798354 0.057232 0.014186
0 0.749832 0.800233 0.056427 0.018309
0 0.085079 0.454770 0.051417 0.034437
0 0.083747 0.424196 0.033032 0.041777
0 0.152647 0.498066 0.043813 0.032912
0 0.111198 0.521776 0.058028 0.013656
0 0.457292 0.678023 0.048277 0.027925
0 0.475509 0.711951 0.022998 0.037123
0 0.822718 0.592115 0.041115 0.031619
0 0.761209 0.604582 0.054265 0.016930
0 0.438733 0.285322 0.062681 0.021355
0 0.373726 0.294024 0.064167 0.015782
0 0.943651 0.723042 0.064678 0.017456
0 0.885543 0.722116 0.053699 0.033306
0 0.404049 0.147215 0.062717 0.017454
0 0.357605 0.138146 0.027097 0.041716
0 0.165202 0.511459 0.044388 0.032312
0 0.126671 0.541563 0.048557 0.029527
0 0.180412 0.590401 0.044314 0.031814
0 0.142009 0.590556 0.052307 0.025307
0 0.123125 0.387632 0.058406 0.021703
0 0.064159 0.365975 0.041705 0.036009
0 0.570943 0.182346 0.057233 0.031322
0 0.515424 0.156764 0.061589 0.026446
0 1.026293 0.541915 0.060996 0.019409
0 1.018958 0.520115 0.058781 0.023860
0 0.517600 0.228209 0.025759 0.041650
0 0.492899 0.263246 0.058811 0.025577
0 0.436028 0.177041 0.033528 0.040227
0 0.432142 0.372452 0.037307 0.039100
0 0.403731 0.411158 0.041759 0.037605
0 0.935787 0.705246 0.054178 0.020426
0 0.926595 0.686369 0.052462 0.023275
0 0.708093 0.803579 0.035927 0.032535
0 0.679056 0.772511 0.035906 0.032542
0 0.533126 0.423435 0.058755 0.023355
0 0.455838 0.610131 0.025824 0.035619
0 0.442684 0.646433 0.032942 0.034177
0 0.384433 0.275045 0.057958 0.020174
0 0.329329 0.278196 0.058462 0.018738
0 0.171281 0.394352 0.047642 0.030895
0 0.120419 0.413851 0.050430 0.028665
0 0.644619 0.174042 0.032360 0.033595
0 0.629904 0.138723 0.027079 0.034787
0 0.223646 0.283455 0.043010 0.026371
0 0.205891 0.307367 0.049612 0.017800
0 1.002872 0.413560 0.046315 0.035050
0 0.943707 0.428465 0.054774 0.028901
0 0.833304 0.529222 0.061603 0.015981
0 0.779788 0.539954 0.061834 0.014711
0 0.104565 0.575204 0.021676 0.036094
0 0.090983 0.546621 0.035835 0.033479
0 0.494431 0.608245 0.047145 0.025941
0 0.466880 0.584705 0.052461 0.018061
0 0.578210 0.681983 0.045476 0.023482
0 0.618282 0.661410 0.037148 0.029382
0 0.580828 0.223983 0.038956 0.027242
0 0.561556 0.196838 0.042878 0.024239
0 0.714672 0.644501 0.041665 0.027255
0 0.676543 0.620872 0.043900 0.025438
0 0.840973 0.338499 0.045509 0.024598
0 0.801803 0.317649 0.030375 0.032518
0 0.373921 0.607166 0.049938 0.032885
0 0.370595 0.639622 0.024232 0.041102
0 0.984271 0.538956 0.021505 0.034255
0 0.961963 0.513349 0.050962 0.016695
0 0.953712 0.404263 0.040117 0.026928
0 0.915083 0.404596 0.045964 0.021324
0 0.644989 0.470469 0.046667 0.015798
0 0.602057 0.455591 0.041661 0.023921
0 0.774956 0.232564 0.049088 0.018849
0 0.724777 0.236552 0.047835 0.020955
0 0.783263 0.712022 0.044979 0.022771
0 0.738778 0.707830 0.040227 0.026895
0 1.019447 0.572176 0.044308 0.020540
0 0.995087 0.562368 0.045537 0.018550
0 0.830681 0.248865 0.049521 0.013597
0 0.807778 0.225615 0.032772 0.030933
0 0.331442 0.482755 0.022536 0.030837
0 0.325237 0.515215 0.025172 0.030623
0 0.857620 0.325739 0.042712 0.025184
0 0.819861 0.307389 0.029054 0.031634
0 0.793058 0.655126 0.044894 0.023123
0 0.761558 0.629388 0.028625 0.031714
0 0.843600 0.263494 0.049673 0.013650
0 0.792221 0.264760 0.048983 0.017318
0 0.250753 0.690878 0.046046 0.020034
0 0.209065 0.690263 0.042862 0.024007
0 0.233276 0.672078 0.044273 0.023020
0 0.190339 0.671748 0.045677 0.021140
0 0.143990 0.677200 0.047138 0.018739
0 0.096232 0.678740 0.046303 0.020100
0 0.820061 0.207042 0.038941 0.027435
0 0.789028 0.180405 0.037636 0.028124
0 0.522141 0.729499 0.027331 0.032030
0 0.494699 0.751271 0.043291 0.024683
0 0.886618 0.599873 0.031882 0.028691
0 0.861201 0.575685 0.044477 0.018994
0 0.236380 0.739160 0.040875 0.014299
0 0.202140 0.726327 0.040907 0.014177
0 0.770943 0.574674 0.045103 0.021379
0 0.724369 0.569527 0.044992 0.021556
0 0.256668 0.172209 0.043323 0.019686
0 0.214290 0.184475 0.038469 0.024841
0 0.001061 0.444091 0.021901 0.030296
0 0.004110 0.412585 0.022912 0.030165
0 0.870343 0.419157 0.043705 0.020601
0 0.826836 0.428545 0.037736 0.026117
0 0.703016 0.544542 0.040533 0.025560
0 0.657703 0.533529 0.047320 0.015468
0 0.457816 0.774287 0.040004 0.026692
0 0.413760 0.789980 0.046858 0.019300
0 0.880293 0.626292 0.029028 0.029680
0 0.859333 0.597363 0.032580 0.028664
0 0.551357 0.761709 0.041130 0.024826
0 0.512195 0.781781 0.040143 0.025669
0 0.492641 0.365700 0.040700 0.014710
0 0.459036 0.350536 0.035452 0.022620
0 0.541432 0.718450 0.027638 0.026794
0 0.519755 0.694790 0.021604 0.027755
0 0.558550 0.648907 0.047073 0.021409
0 0.544485 0.618845 0.048943 0.018059
0 0.304540 0.730723 0.025660 0.030790
0 0.284177 0.703087 0.022068 0.031114
0 0.664051 0.726560 0.039089 0.023664
0 0.701746 0.711596 0.044649 0.014633
0 0.159639 0.468516 0.041712 0.021255
0 0.192089 0.490762 0.033614 0.027049
0 0.900078 0.392873 0.041875 0.019452
0 0.858919 0.406466 0.041515 0.020092
0 0.820112 0.781485 0.049612 0.016148
0 0.770181 0.780529 0.048849 0.018820
0 0.730851 0.188673 0.046947 0.019557
0 0.682454 0.178662 0.047188 0.019151
0 0.842855 0.622613 0.041631 0.023191
0 0.798961 0.631911 0.042081 0.022807
0 0.694570 0.696109 0.046110 0.014798
0 0.646903 0.690807 0.045946 0.015340
0 0.851772 0.690409 0.044051 0.021525
0 0.808534 0.675709 0.046222 0.017851
0 0.259377 0.371313 0.032329 0.025787
0 0.231705 0.394737 0.034040 0.024895
0 0.287532 0.196344 0.040096 0.019001
0 0.258069 0.209192 0.040092 0.019008
0 0.490643 0.186779 0.026192 0.024314
0 0.498834 0.212259 0.022243 0.024997
0 0.129154 0.603225 0.042938 0.022843
0 0.083539 0.595635 0.044219 0.021286
0 0.830955 0.610070 0.038148 0.022379
0 0.790407 0.618019 0.038903 0.021724
0 0.758386 0.696744 0.043260 0.021113
0 0.744842 0.670078 0.027944 0.029854
0 0.722350 0.784222 0.044854 0.020145
0 0.693451 0.759430 0.033343 0.028964
0 0.319093 0.678285 0.035391 0.027061
0 0.283975 0.657442 0.036313 0.026568
0 0.762436 0.294682 0.040064 0.024885
0 0.724289 0.292343 0.040882 0.024198
0 0.455044 0.376286 0.030185 0.027158
0 0.435659 0.403421 0.026186 0.028227
0 0.160185 0.282068 0.042655 0.013799
0 0.119092 0.271671 0.041023 0.018622
0 0.141652 0.422012 0.037550 0.022900
0 0.111564 0.442589 0.026814 0.027835
0 1.078776 0.581320 0.037516 0.023782
0 1.052889 0.558643 0.041273 0.019987
0 0.872192 0.314198 0.037664 0.022998
0 0.838332 0.297960 0.027107 0.027883
0 0.304586 0.651020 0.034277 0.024647
0 0.277827 0.629235 0.040595 0.018821
0 0.450370 0.797105 0.042143 0.022195
0 0.405402 0.807827 0.044892 0.018043
0 0.934049 0.349553 0.029879 0.026894
0 0.910647 0.324399 0.034795 0.024706
0 0.727785 0.611858 0.035393 0.023941
0 0.694805 0.592541 0.039190 0.020728
0 0.947961 0.639816 0.037257 0.024197
0 0.912343 0.622716 0.043477 0.015639
0 0.317402 0.638241 0.034294 0.025303
0 0.290833 0.616237 0.041993 0.018008
0 0.647381 0.566603 0.038290 0.020070
0 0.608543 0.563036 0.040928 0.014019
0 0.046935 0.448352 0.021040 0.027126
0 0.057179 0.424135 0.030344 0.025267
0 0.901536 0.586264 0.031910 0.028510
0 0.874150 0.562969 0.044657 0.018266
0 0.415425 0.664183 0.026882 0.030220
0 0.442861 0.689427 0.039830 0.024670
0 0.450080 0.736350 0.035188 0.024061
0 0.418538 0.756307 0.040575 0.018607
0 0.577449 0.567303 0.031215 0.025334
0 0.592707 0.544802 0.033136 0.024341
0 0.279259 0.545456 0.021728 0.026744
0 0.280622 0.517610 0.026279 0.026131
0 0.707778 0.461674 0.038855 0.016299
0 0.666764 0.457810 0.039145 0.014645
0 0.387618 0.115014 0.040668 0.014798
0 0.346398 0.109964 0.040445 0.016251
0 -0.017982 0.361238 0.039860 0.017538
0 0.024149 0.361129 0.040380 0.016408
0 1.017403 0.351114 0.028555 0.025046
0 1.029152 0.377798 0.024241 0.026109
0 0.915286 0.500230 0.044429 0.020315
0 0.870170 0.488680 0.042423 0.022932
0 0.569602 0.775977 0.031102 0.028841
0 0.586868 0.746332 0.025896 0.030134
0 0.248361 0.643814 0.042921 0.019601
0 0.204205 0.654677 0.044245 0.017266
0 0.198210 0.170973 0.040140 0.020471
0 0.157229 0.182732 0.039102 0.021583
0 0.744004 0.312408 0.043086 0.014577
0 0.704289 0.300689 0.037297 0.023535
0 0.223119 0.545762 0.041488 0.017462
0 0.186991 0.529307 0.032277 0.025702
0 0.270667 0.141455 0.032447 0.024439
0 0.239199 0.160620 0.039226 0.018633
0 0.628506 0.757007 0.025578 0.027533
0 0.632401 0.727883 0.019920 0.028060
0 0.230918 0.525652 0.020176 0.026455
0 0.243820 0.499731 0.025674 0.025833
0 0.829667 0.563908 0.037591 0.025244
0 0.799596 0.588093 0.035393 0.026437
0 0.647312 0.767176 0.025075 0.027990
0 0.670116 0.742239 0.037754 0.022444
0 0.435483 0.602361 0.024311 0.030135
0 0.426281 0.634445 0.029368 0.029114
0 0.723986 0.273433 0.039339 0.023798
0 0.694383 0.249317 0.037517 0.025243
0 -0.014535 0.519463 0.031801 0.026749
0 -0.020134 0.495113 0.038950 0.022272
0 0.431644 0.573669 0.030836 0.025432
0 0.407955 0.597901 0.033714 0.023979
0 0.788630 0.445122 0.037764 0.021621
0 0.752961 0.462341 0.037503 0.021852
0 0.602696 0.616220 0.023826 0.026841
0 0.603163 0.590442 0.032692 0.024043
0 0.781162 0.251229 0.045413 0.016345
0 0.737086 0.249216 0.043666 0.019981
0 1.047952 0.365619 0.028452 0.027938
0 1.029217 0.334427 0.034881 0.025433
0 0.166363 0.454110 0.039899 0.019920
0 0.199856 0.473225 0.036640 0.023104
0 0.857964 0.278515 0.042481 0.013524
0 0.813506 0.278334 0.042446 0.013802
0 0.128603 0.715426 0.034194 0.023865
0 0.094874 0.698568 0.040747 0.016714
0 0.376910 0.765466 0.040149 0.017731
0 0.339459 0.779224 0.036126 0.022411
0 0.179514 0.411463 0.032224 0.022042
0 0.156653 0.432894 0.033637 0.020964
0 0.020320 0.573824 0.032031 0.027340
0 -0.004053 0.547761 0.035857 0.025460
0 0.405906 0.463113 0.038140 0.021584
0 0.362900 0.470571 0.036208 0.023273
0 0.047924 0.278721 0.041886 0.014836
0 0.003766 0.278854 0.042172 0.013599
0 0.959460 0.468253 0.043298 0.014048
0 0.915527 0.463446 0.040280 0.020923
0 0.910822 0.304716 0.041555 0.016604
0 0.869642 0.294640 0.041713 0.015965
0 0.575156 0.637918 0.037463 0.018358
0 0.580829 0.618233 0.023524 0.025872
0 0.580136 0.148501 0.035334 0.023965
0 0.566203 0.122734 0.033859 0.024725
0 0.610345 0.725447 0.019992 0.028031
0 0.584906 0.704472 0.035294 0.023804
0 0.223179 0.493176 0.025335 0.026405
0 0.208119 0.518350 0.021205 0.026846
0 0.365038 0.424441 0.032243 0.022464
0 0.339284 0.444767 0.036121 0.019303
0 0.616391 0.529201 0.031137 0.023482
0 0.594111 0.506438 0.034275 0.021626
0 0.327879 0.722164 0.027990 0.025475
0 0.306056 0.700057 0.020605 0.026711
0 0.663965 0.389017 0.037938 0.013753
0 0.624828 0.383256 0.036888 0.017128
0 0.561131 0.404235 0.037401 0.014973
0 0.523168 0.410228 0.036873 0.016731
0 0.470504 0.640384 0.022022 0.025718
0 0.468575 0.663965 0.035579 0.020251
0 0.071556 0.574854 0.041551 0.020140
0 0.036500 0.593655 0.041099 0.020825
0 1.024878 0.421701 0.034289 0.025220
0 1.046826 0.395719 0.032135 0.026323
0 0.574810 0.815705 0.041666 0.015574
0 0.532549 0.813326 0.040042 0.019108
0 0.395188 0.698929 0.034278 0.024774
0 0.370913 0.674072 0.033414 0.025232
0 0.106096 0.250880 0.035037 0.022459
0 0.068831 0.263924 0.040144 0.015207
0 0.363732 0.729362 0.039903 0.015925
0 0.331316 0.745859 0.036425 0.021069
0 0.523919 0.178260 0.039480 0.019605
0 0.485000 0.165199 0.040661 0.017706
0 0.377715 0.712820 0.039756 0.018689
0 0.336959 0.703787 0.037894 0.021150
0 0.959223 0.344347 0.020293 0.027153
0 0.966271 0.316314 0.022314 0.026929
0 0.060801 0.555561 0.020354 0.026368
0 0.071634 0.530249 0.021483 0.026259
0 0.492594 0.733498 0.034108 0.021161
0 0.460726 0.750190 0.033016 0.022067
0 0.755474 0.589038 0.044402 0.015752
0 0.709769 0.581235 0.041664 0.021250
0 0.652027 0.814222 0.041391 0.015090
0 0.610735 0.822353 0.038032 0.021222
0 0.690983 0.273841 0.024213 0.027464
0 0.666529 0.250734 0.027956 0.026616
0 0.873859 0.467382 0.041643 0.017766
0 0.833429 0.478926 0.036953 0.023246
0 0.202155 0.275618 0.034821 0.022307
0 0.180982 0.295829 0.039779 0.015649
0 0.041979 0.491857 0.035153 0.023452
0 0.009759 0.472374 0.035005 0.023548
0 0.639375 0.602250 0.035805 0.019961
0 0.624446 0.581268 0.036463 0.019252
0 0.665576 0.549029 0.038308 0.014341
0 0.625100 0.549064 0.038484 0.013641
0 0.645561 0.422640 0.033360 0.021037
0 0.620436 0.402017 0.028760 0.023621
0 0.843255 0.440997 0.033773 0.022182
0 0.807947 0.454041 0.034686 0.021376
0 0.981844 0.379882 0.035357 0.021835
0 0.941836 0.384802 0.040216 0.013462
0 0.352346 0.517825 0.032725 0.021664
0 0.329982 0.539679 0.031407 0.022379
0 0.629248 0.450673 0.031843 0.021558
0 0.598977 0.434157 0.032211 0.021322
0 0.303942 0.229984 0.031103 0.023210
0 0.278758 0.250891 0.027469 0.024648
0 0.729763 0.727092 0.038215 0.014598
0 0.769695 0.731489 0.038307 0.014345
0 0.371879 0.353820 0.026632 0.023184
0 0.356255 0.377215 0.027963 0.022815
0 0.797616 0.384169 0.032611 0.019891
0 0.768211 0.400549 0.032892 0.019642
0 0.895414 0.652195 0.040580 0.019309
0 0.854405 0.641497 0.042400 0.014793
0 0.715273 0.223282 0.042157 0.019168
0 0.670252 0.229013 0.044001 0.014017
0 0.949790 0.659459 0.039940 0.019112
0 0.915596 0.641477 0.037475 0.021928
0 0.786407 0.288021 0.036539 0.024127
0 0.751102 0.269277 0.037233 0.023591
0 0.626944 0.308317 0.035959 0.015012
0 0.595984 0.298378 0.035329 0.016684
0 -0.017213 0.397442 0.028526 0.024028
0 -0.039213 0.420011 0.030635 0.023037
0 0.514597 0.760008 0.034990 0.020668
0 0.483785 0.777648 0.032199 0.022733
0 -0.047242 0.403278 0.030627 0.023169
0 -0.025730 0.380801 0.033766 0.021329
0 0.017407 0.497273 0.029034 0.022309
0 -0.010837 0.479337 0.031144 0.021240
0 0.636605 0.669073 0.032234 0.024246
0 0.604360 0.687755 0.037472 0.020554
0 0.514837 0.396289 0.037549 0.015930
0 0.480888 0.404791 0.024687 0.024886
0 0.458750 0.403138 0.024613 0.024900
0 0.442437 0.427579 0.030256 0.023013
0 0.390411 0.667574 0.029795 0.022850
0 0.411473 0.689787 0.030530 0.022466
0 0.717039 0.754090 0.033257 0.021322
0 0.699143 0.730828 0.029471 0.023449
0 0.877425 0.240042 0.036165 0.015721
0 0.841344 0.230770 0.035046 0.017661
0 0.254457 0.333336 0.032112 0.017031
0 0.220581 0.336749 0.033002 0.015612
0 0.558132 0.706390 0.028502 0.026442
0 0.539216 0.679189 0.028370 0.026470
0 0.242806 0.228967 0.027726 0.026882
0 0.228605 0.256035 0.019958 0.027980
0 0.569081 0.452556 0.020135 0.026586
0 0.572501 0.425209 0.028051 0.025301
0 0.355036 0.752191 0.034483 0.024687
0 0.319466 0.769630 0.037186 0.022848
0 0.983522 0.670792 0.024150 0.024727
0 0.980285 0.644570 0.023407 0.024822
0 0.534361 0.552662 0.020207 0.025210
0 0.552850 0.529685 0.031154 0.022387
0 0.233025 0.580696 0.037510 0.017105
0 0.194105 0.572969 0.037702 0.016793
0 0.357145 0.692020 0.037356 0.019821
0 0.337299 0.668992 0.031876 0.023852
0 0.522802 0.632159 0.039696 0.013493
0 0.484689 0.622032 0.036209 0.020557
0 0.413498 0.565467 0.028558 0.023004
0 0.390924 0.586816 0.030729 0.021884
0 0.375205 0.439637 0.029139 0.021708
0 0.349512 0.458238 0.032863 0.019202
0 0.314695 0.456912 0.030209 0.021202
0 0.287218 0.439969 0.033823 0.018299
0 1.036930 0.452601 0.036427 0.018318
0 0.999826 0.461342 0.033934 0.020913
0 0.098337 0.486246 0.032927 0.020864
0 0.071075 0.467370 0.032545 0.021193
0 0.909935 0.561936 0.022849 0.023639
0 0.933773 0.543185 0.030161 0.021234
0 0.151797 0.571706 0.031678 0.021053
0 0.178274 0.553250 0.028740 0.022604
0 0.369517 0.391149 0.027472 0.022100
0 0.350479 0.412434 0.030539 0.020552
0 0.445989 0.264252 0.030891 0.020483
0 0.415654 0.248941 0.032285 0.019235
0 0.422406 0.269767 0.029939 0.018764
0 0.393769 0.257105 0.026707 0.020739
0 0.038525 0.563460 0.028456 0.025728
0 0.017086 0.539561 0.035641 0.022068
0 0.768169 0.663413 0.031636 0.024179
0 0.743520 0.640658 0.027580 0.025671
0 0.232620 0.451110 0.034357 0.019286
0 0.261008 0.469017 0.029224 0.022746
0 0.501359 0.578291 0.030067 0.022151
0 0.467589 0.568488 0.036907 0.013282
0 0.675622 0.424009 0.028165 0.022237
0 0.650892 0.405121 0.031126 0.020681
0 0.805253 0.721816 0.035390 0.018301
0 0.839815 0.709889 0.033094 0.020565
0 0.481943 0.501506 0.032171 0.019738
0 0.454579 0.518564 0.028848 0.021844
0 0.402055 0.344588 0.026555 0.022162
0 0.385744 0.368751 0.025809 0.022325
0 0.037281 0.631109 0.034406 0.021484
0 0.009996 0.609637 0.030925 0.023580
0 0.311161 0.366828 0.036641 0.018203
0 0.277217 0.352232 0.034619 0.020482
0 0.595181 0.780325 0.020553 0.026336
0 0.606946 0.753747 0.024618 0.025949
0 0.560297 0.665649 0.037435 0.018056
0 0.525459 0.651814 0.031526 0.023240
0 0.286364 0.678543 0.035796 0.018273
0 0.255692 0.662677 0.035960 0.017952
0 0.478982 0.801351 0.031584 0.021680
0 0.447376 0.816944 0.034012 0.019733
0 0.457025 0.232078 0.032400 0.020040
0 0.428858 0.214808 0.030544 0.021389
0 0.623172 0.213885 0.025867 0.023349
0 0.609440 0.237951 0.026482 0.023204
0 0.796929 0.343135 0.029402 0.022343
0 0.779306 0.320201 0.024946 0.023885
0 0.131533 0.236499 0.031678 0.019887
0 0.103645 0.219728 0.031553 0.020017
0 0.385574 0.237594 0.034251 0.015817
0 0.349792 0.243269 0.034122 0.016068
0 0.919572 0.362980 0.031131 0.025784
0 0.898142 0.337727 0.034072 0.024301
0 0.712908 0.622784 0.034458 0.022969
0 0.680864 0.604142 0.037459 0.020430
0 0.233495 0.370946 0.029568 0.023565
0 0.205919 0.391163 0.029870 0.023411
0 -0.002165 0.315045 0.035528 0.018982
0 -0.035405 0.309311 0.037427 0.015425
0 0.066875 0.486430 0.032350 0.020901
0 0.037956 0.468930 0.033216 0.020102
0 0.312470 0.181232 0.029449 0.022307
0 0.288727 0.160971 0.031527 0.021269
0 0.110753 0.654487 0.033145 0.019759
0 0.076866 0.666603 0.033753 0.019285
0 0.674898 0.300677 0.024413 0.023078
0 0.666879 0.275765 0.027038 0.022353
0 0.279364 0.182417 0.033491 0.018090
0 0.239686 0.191993 0.034000 0.017135
0 0.400702 0.205817 0.021538 0.023520
0 0.389433 0.182022 0.024283 0.023246
0 0.566791 0.510626 0.031989 0.019301
0 0.559002 0.488720 0.027810 0.021947
0 0.714426 0.664778 0.032035 0.019633
0 0.687240 0.647417 0.030933 0.020604
0 0.421625 0.132778 0.034747 0.014630
0 0.384783 0.129665 0.034743 0.014359
0 0.708975 0.681031 0.038558 0.016271
0 0.668395 0.677621 0.038221 0.017003
0 0.768376 0.214805 0.036612 0.017006
0 0.731876 0.204609 0.036709 0.016868
0 0.695271 0.211170 0.037078 0.016157
0 0.655884 0.213924 0.037644 0.013531
0 0.522481 0.523418 0.026325 0.023367
0 0.511008 0.498701 0.023008 0.024136
0 0.239038 0.349653 0.037446 0.014923
0 0.200271 0.355307 0.037663 0.013995
0 0.808216 0.496965 0.038970 0.014934
0 0.849277 0.500702 0.038964 0.015085
0 0.473373 0.142245 0.020751 0.025305
0 0.486862 0.115145 0.020702 0.025310
0 0.293305 0.214656 0.028656 0.022460
0 0.263396 0.235988 0.024994 0.023609
0 0.233241 0.415938 0.029691 0.021141
0 0.211140 0.436064 0.028944 0.021510
0 0.659792 0.156663 0.023097 0.023110
0 0.652075 0.132438 0.023048 0.023115
0 0.509734 0.541412 0.025719 0.022172
0 0.495656 0.518784 0.023299 0.022821
0 0.736029 0.412479 0.030347 0.019525
0 0.707541 0.427547 0.031742 0.018312
0 0.894113 0.697490 0.029182 0.020002
0 0.866130 0.712202 0.027651 0.020747
0 0.776883 0.351496 0.026284 0.021210
0 0.760726 0.330358 0.024058 0.021821
0 0.493317 0.683726 0.023120 0.023588
0 0.497697 0.708755 0.020964 0.023760
0 0.517687 0.291389 0.026029 0.019046
0 0.500971 0.310152 0.027159 0.018538
0 0.284173 0.767173 0.032291 0.017851
0 0.252101 0.756065 0.032894 0.016764
0 0.002417 0.584559 0.029372 0.023613
0 -0.018153 0.561339 0.029781 0.023412
0 0.027560 0.262638 0.038757 0.013255
0 -0.013344 0.262381 0.038756 0.013289
0 1.009599 0.679404 0.020266 0.024045
0 1.006540 0.653918 0.020432 0.024034
0 0.301832 0.602862 0.036540 0.015661
0 0.264144 0.596095 0.035353 0.017791
0 0.515436 0.378624 0.030945 0.020053
0 0.480587 0.383439 0.033910 0.016726
0 0.758209 0.515648 0.029603 0.021102
0 0.731034 0.498243 0.030593 0.020627
0 0.615244 0.258724 0.028154 0.021970
0 0.594675 0.279581 0.026949 0.022435
0 0.916567 0.422517 0.031882 0.020778
0 0.879455 0.432746 0.034674 0.018055
0 0.099804 0.615977 0.035191 0.016707
0 0.064658 0.605822 0.034061 0.018503
0 0.090908 0.238315 0.033043 0.017367
0 0.057767 0.248859 0.033189 0.017043
0 0.612066 0.496885 0.031209 0.017910
0 0.582512 0.483352 0.029839 0.019091
0 0.473711 0.222000 0.027642 0.017682
0 0.449551 0.207636 0.027259 0.018040
0 0.492214 0.421635 0.027509 0.017210
0 0.465517 0.433091 0.027583 0.017149
