0 0.437674 0.616203 0.080289 0.020932
0 0.778897 0.156476 0.077650 0.019183
0 0.911420 0.145060 0.022220 0.051719
0 0.268125 0.539014 0.023929 0.049633
0 0.188224 0.768410 0.076194 0.015315
0 0.982606 0.623619 0.022348 0.049409
0 0.140509 0.819999 0.065831 0.024894
0 0.106346 0.810609 0.068073 0.019963
0 0.170954 0.083992 0.065151 0.032368
0 -0.154657 0.447784 0.049905 0.042997
0 0.913057 0.409077 0.064617 0.033913
0 0.743180 0.572900 0.064212 0.035948
0 0.975744 0.675984 0.061997 0.036319
0 0.483200 0.334959 0.064103 0.027538
0 0.556681 0.798584 0.042453 0.042977
0 0.521128 0.758772 0.030905 0.045765
0 0.686771 0.795445 0.059007 0.037063
0 0.755112 0.778019 0.072355 0.017800
0 0.040255 0.473190 0.068856 0.026746
0 0.980142 0.392766 0.071831 0.016236
0 0.763971 0.761551 0.072949 0.021652
0 0.148693 0.364898 0.053246 0.038696
0 0.473055 0.106304 0.031213 0.042992
0 0.925179 0.643101 0.049835 0.040806
0 0.866685 0.666962 0.056470 0.037003
0 0.812396 0.731239 0.042142 0.046250
0 0.767121 0.874920 0.063794 0.035646
0 0.199019 0.716661 0.058301 0.038659
0 0.838317 0.249882 0.065933 0.033150
0 0.436779 0.332701 0.026305 0.047191
0 0.079746 0.237721 0.069592 0.020551
0 -0.027601 0.440592 0.021751 0.047333
0 1.207289 0.601578 0.025341 0.047572
0 1.192335 0.567242 0.070919 0.019387
0 0.957043 0.255191 0.045712 0.042776
0 0.918304 0.238740 0.042546 0.043897
0 0.180621 0.664712 0.064745 0.028849
0 0.416873 0.902437 0.073906 0.015850
0 0.344044 0.910770 0.068041 0.029731
0 1.061362 0.306398 0.045235 0.042720
0 1.011963 0.272868 0.064173 0.030080
0 0.774710 0.644611 0.054242 0.037855
0 0.714281 0.621840 0.069413 0.019729
0 1.063243 0.673891 0.057232 0.037414
0 0.235568 0.695552 0.054043 0.038787
0 0.226440 0.666122 0.055151 0.038140
0 0.606488 0.594806 0.066710 0.023319
0 -0.105161 0.454225 0.040493 0.042829
0 0.440628 0.822213 0.047754 0.041250
0 0.389657 0.852868 0.069014 0.021012
0 0.561721 0.592718 0.040400 0.043261
0 0.591308 0.563912 0.056438 0.035501
0 0.772924 0.465099 0.067521 0.014669
0 0.703811 0.461482 0.066630 0.019316
0 0.352132 0.018227 0.068510 0.017546
0 0.293906 0.002886 0.064769 0.026508
0 1.144439 0.295879 0.063833 0.025828
0 1.181786 0.334608 0.034257 0.043697
0 0.992445 0.498218 0.073386 0.021823
0 0.614811 0.828396 0.040149 0.046666
0 0.818978 0.277660 0.068940 0.023657
0 0.130573 0.577280 0.070544 0.014683
0 0.112664 0.534812 0.038694 0.044516
0 0.208060 0.036701 0.057568 0.034322
0 0.161082 0.070031 0.061257 0.031001
0 0.659759 0.836774 0.041382 0.043518
0 0.660794 0.790597 0.055552 0.036866
0 0.173825 0.505103 0.024609 0.044968
0 0.919168 0.596819 0.047768 0.043582
0 0.874960 0.637516 0.051841 0.041746
0 0.666199 0.864465 0.038407 0.044738
0 0.405293 0.653777 0.023475 0.049102
0 0.738592 0.167309 0.048459 0.043241
0 -0.170667 0.531740 0.066319 0.028294
0 -0.193074 0.505133 0.061904 0.033223
0 0.382581 0.649772 0.022925 0.046158
0 0.856791 0.440864 0.055511 0.036723
0 0.817233 0.475174 0.023983 0.046514
0 0.640214 0.665941 0.067770 0.019988
0 0.595472 0.634654 0.045456 0.041029
0 0.041285 0.456319 0.065724 0.027393
0 0.106675 0.479371 0.064624 0.028918
0 0.942220 0.209881 0.070485 0.015395
0 0.867673 0.212306 0.069480 0.020223
0 -0.013791 0.757953 0.069045 0.017169
0 0.322381 0.867388 0.061711 0.030890
0 0.277151 0.889074 0.069092 0.016648
0 0.036951 0.426397 0.059782 0.028814
0 0.396904 0.459126 0.064349 0.029004
0 -0.062442 0.231409 0.060113 0.033426
0 1.080709 0.461286 0.070018 0.021350
0 0.990459 0.247404 0.064574 0.028699
0 0.956940 0.224771 0.070200 0.015204
0 0.583797 0.692190 0.067268 0.015175
0 0.621354 0.679151 0.066463 0.019247
0 0.624096 0.063621 0.068622 0.022022
0 0.603121 0.035781 0.054741 0.037540
0 0.637336 0.784635 0.053855 0.037889
0 0.127945 0.546554 0.037928 0.043258
0 0.308674 0.416016 0.060282 0.028919
0 0.259026 0.436505 0.064061 0.023394
0 0.632789 0.553297 0.023972 0.044640
0 0.597083 0.504192 0.055391 0.034032
0 0.273950 0.809206 0.024607 0.045250
0 0.256977 0.785407 0.030702 0.044634
0 0.747904 0.372261 0.066019 0.015007
0 0.689576 0.353314 0.062330 0.025228
0 0.580467 0.360605 0.054322 0.033420
0 0.517742 0.384112 0.065627 0.015772
0 0.447353 0.678021 0.024104 0.044482
0 0.434919 0.718472 0.053683 0.035100
0 1.181375 0.401653 0.029820 0.046778
0 1.205935 0.361187 0.062929 0.031800
0 0.548981 0.919969 0.061300 0.032158
0 0.519559 0.909926 0.045949 0.041866
0 0.320692 0.751418 0.043501 0.043181
0 -0.027062 0.205004 0.068153 0.017021
0 0.319447 0.815641 0.068008 0.017039
0 0.283979 0.843131 0.041363 0.042243
0 0.511248 0.093741 0.065417 0.026901
0 0.473295 0.073467 0.067304 0.023784
0 0.360995 0.803011 0.069713 0.014206
0 1.084484 0.302120 0.046086 0.040774
0 1.073551 0.259201 0.031422 0.044959
0 -0.079119 0.595792 0.039624 0.042196
0 0.490621 0.813462 0.055387 0.033493
0 0.443262 0.846126 0.047578 0.038347
0 0.823896 0.628004 0.067499 0.028757
0 0.681447 0.911416 0.069852 0.014640
0 0.751906 0.207356 0.046627 0.041300
0 0.711614 0.168184 0.041878 0.043083
0 0.895521 0.484657 0.047394 0.041782
0 0.128556 0.238110 0.035110 0.043837
0 -0.083458 0.507213 0.065771 0.025978
0 -0.152867 0.486761 0.060081 0.032773
0 0.637172 0.633067 0.064337 0.023412
0 0.676045 0.563874 0.065861 0.018596
0 0.622819 0.582232 0.064814 0.021787
0 0.679313 0.405324 0.039035 0.041116
0 0.658230 0.372832 0.035451 0.042103
0 0.934257 0.418149 0.057320 0.032652
0 1.139285 0.343114 0.038141 0.043061
0 0.291497 0.539252 0.023094 0.043931
0 0.273420 0.586607 0.025386 0.043712
0 0.650194 0.449956 0.040892 0.040073
0 0.624819 0.410671 0.021544 0.043541
0 0.234569 0.163425 0.046788 0.038850
0 0.771607 0.794867 0.066022 0.017661
0 0.838320 0.806419 0.066525 0.015148
0 0.346377 0.329556 0.024937 0.042720
0 0.323222 0.366996 0.057423 0.029270
0 0.912622 0.355987 0.059116 0.027164
0 0.856536 0.378960 0.053470 0.032585
0 0.972542 0.701042 0.070624 0.015704
0 0.925843 0.690726 0.055894 0.037173
0 0.718526 0.137107 0.072131 0.015037
0 1.025171 0.679173 0.065423 0.027187
0 0.852272 0.237539 0.062608 0.032332
0 0.801484 0.202359 0.050574 0.040765
0 0.680710 0.252795 0.061143 0.024147
0 0.638419 0.236337 0.060924 0.024515
0 -0.145532 0.387595 0.026132 0.043866
0 -0.178257 0.414632 0.047723 0.038027
0 0.511461 0.842242 0.055961 0.033315
0 0.469722 0.877862 0.042901 0.040586
0 -0.182815 0.395109 0.048308 0.037865
0 -0.111419 0.516564 0.061430 0.023943
0 -0.171008 0.497013 0.055864 0.030772
0 0.676898 0.719377 0.063832 0.027484
0 0.622194 0.748106 0.052754 0.037321
0 0.471746 0.380481 0.020739 0.044094
0 0.448463 0.378576 0.021533 0.044073
0 0.338137 0.743951 0.041025 0.040255
0 0.382710 0.772929 0.064984 0.018126
0 0.762466 0.830042 0.064410 0.021595
0 0.730934 0.804864 0.031860 0.043014
0 0.989579 0.166310 0.040199 0.039839
0 0.953805 0.160164 0.061525 0.024120
0 0.203240 0.295757 0.024727 0.040774
0 0.161114 0.306494 0.061110 0.016862
0 0.572569 0.783639 0.037509 0.044283
0 0.146081 0.192206 0.026375 0.046314
0 0.583748 0.422571 0.055902 0.034422
0 0.604710 0.381390 0.024074 0.045147
0 0.307155 0.846385 0.041767 0.043758
0 1.130097 0.725609 0.040402 0.040555
0 1.110141 0.691525 0.038292 0.041171
0 0.518536 0.579438 0.052419 0.034940
0 0.557199 0.541048 0.058116 0.030276
0 0.068793 0.607095 0.066652 0.014380
0 0.313575 0.774337 0.043765 0.041144
0 0.280366 0.733042 0.042722 0.041521
0 0.516626 0.680691 0.064784 0.024262
0 0.472851 0.652970 0.063085 0.026970
0 0.361611 0.629620 0.021772 0.043348
0 0.320597 0.429138 0.057302 0.028663
0 0.316257 0.449636 0.062877 0.019556
0 0.251193 0.450864 0.061449 0.022838
0 0.192726 0.430851 0.062840 0.019677
0 1.135904 0.457264 0.052960 0.034960
0 -0.072092 0.476978 0.062142 0.024432
0 1.031205 0.564160 0.041993 0.038610
0 1.085809 0.536568 0.042986 0.038202
0 0.025707 0.600972 0.045030 0.037883
0 0.076021 0.572038 0.056812 0.030048
0 0.342116 0.377233 0.057101 0.028169
0 0.292963 0.403081 0.060093 0.024046
0 0.426882 0.210612 0.054544 0.030837
0 0.388168 0.179571 0.024008 0.042140
0 0.398303 0.215222 0.052728 0.029879
0 0.365273 0.181933 0.022176 0.040741
0 -0.094155 0.610210 0.041205 0.042502
0 0.835556 0.726843 0.035497 0.043802
0 0.805190 0.686045 0.032244 0.044482
0 0.144103 0.454643 0.063664 0.020925
0 0.193859 0.475353 0.031685 0.042363
0 0.485967 0.600591 0.050661 0.035176
0 0.430211 0.601685 0.064312 0.018199
0 0.698742 0.413489 0.038275 0.039828
0 0.696061 0.374947 0.056131 0.029781
0 0.911473 0.799024 0.062522 0.023647
0 0.961084 0.773364 0.039147 0.040640
0 0.460250 0.505102 0.057329 0.028593
0 0.432774 0.531312 0.046486 0.036541
0 0.363188 0.298506 0.033276 0.040553
0 0.366891 0.340980 0.026624 0.041586
0 0.279241 0.350155 0.053798 0.034507
0 0.235467 0.324639 0.066479 0.014664
0 0.612698 0.873536 0.024682 0.044862
0 0.637852 0.831237 0.038327 0.042538
0 0.557635 0.719996 0.065587 0.021351
0 0.502792 0.707730 0.044449 0.040142
0 0.227649 0.751238 0.057501 0.030606
0 0.175083 0.722690 0.050158 0.036104
0 0.457712 0.913784 0.050786 0.035389
0 0.401172 0.917374 0.065244 0.015020
0 0.465409 0.182423 0.063228 0.019817
0 0.429092 0.152283 0.045255 0.037495
0 0.643757 0.131285 0.053312 0.032847
0 0.881065 0.285895 0.042302 0.039173
0 0.014449 0.155001 0.059648 0.025200
0 -0.033668 0.137814 0.062637 0.019277
0 0.357069 0.153666 0.060651 0.022302
0 0.298854 0.172757 0.057101 0.027582
0 1.007487 0.289392 0.062209 0.031036
0 0.761619 0.659026 0.050458 0.038538
0 0.703526 0.636073 0.067249 0.021072
0 0.176375 0.336729 0.066308 0.014776
0 -0.145431 0.289479 0.042280 0.040012
0 -0.159780 0.275297 0.043023 0.039731
0 -0.071858 0.493887 0.060976 0.025564
0 -0.132336 0.477903 0.055714 0.031484
0 0.271170 0.093546 0.036512 0.040972
0 0.222878 0.068965 0.056731 0.030270
0 0.018994 0.711437 0.021094 0.043109
0 -0.024525 0.725825 0.062912 0.021519
0 0.745510 0.250633 0.047384 0.035725
0 0.726292 0.211568 0.036784 0.039946
0 0.223480 0.091072 0.063275 0.015708
0 0.163319 0.104936 0.058185 0.027082
0 0.387368 0.121642 0.032642 0.041142
0 0.577561 0.513169 0.052535 0.032254
0 0.560405 0.468239 0.047226 0.035680
0 0.779595 0.722195 0.039574 0.039270
0 0.740923 0.697930 0.034012 0.040832
0 0.414367 0.022344 0.059430 0.024731
0 0.353745 0.033902 0.062888 0.015903
0 0.778158 0.748097 0.065730 0.021150
0 0.710698 0.737613 0.065887 0.020725
0 0.864874 0.149970 0.065110 0.018016
0 0.839795 0.131892 0.065089 0.018139
0 0.772817 0.124662 0.064862 0.019171
0 0.705391 0.122124 0.065664 0.015157
0 0.517371 0.542751 0.025535 0.042762
0 0.516927 0.498959 0.024436 0.042888
0 0.166832 0.321534 0.065656 0.015846
0 0.110347 0.328457 0.061817 0.025666
0 0.885527 0.514284 0.066648 0.018683
0 0.221194 0.148712 0.042883 0.038661
0 0.191451 0.151722 0.044678 0.037864
0 0.148414 0.393292 0.041227 0.038619
0 0.112619 0.430021 0.046086 0.036474
0 0.725861 0.062429 0.029151 0.041411
0 0.694543 0.028104 0.057817 0.027110
0 0.495031 0.539314 0.025371 0.041495
0 0.475127 0.518712 0.055077 0.029491
0 0.808878 0.408817 0.051755 0.031672
0 0.750239 0.420730 0.061063 0.019667
0 1.023233 0.748668 0.045831 0.035150
0 0.980994 0.777913 0.038097 0.038382
0 0.903624 0.329754 0.055512 0.027678
0 0.864426 0.297315 0.040180 0.037519
0 0.470676 0.735386 0.052466 0.032886
0 0.546818 0.241432 0.033292 0.037565
0 0.502555 0.268343 0.057464 0.020128
0 0.193915 0.848985 0.061068 0.019870
0 0.134124 0.838769 0.061600 0.017914
0 -0.146589 0.607446 0.036888 0.041931
0 -0.182317 0.569326 0.045295 0.039058
0 -0.120956 0.214613 0.066155 0.018296
0 1.153721 0.728080 0.039491 0.039690
0 1.139607 0.688885 0.049164 0.035335
0 0.237664 0.651931 0.051499 0.034728
0 0.181148 0.630453 0.058552 0.028788
0 0.535615 0.345837 0.051632 0.032763
0 0.477612 0.350301 0.059409 0.024764
0 0.820112 0.552503 0.054925 0.030433
0 0.775282 0.524369 0.032740 0.040975
0 0.662292 0.203535 0.037429 0.039819
0 0.632129 0.211601 0.036848 0.039985
0 1.051581 0.417560 0.059574 0.026834
0 0.987615 0.423623 0.064119 0.016748
0 -0.021926 0.676951 0.060181 0.025516
0 -0.056873 0.661615 0.062429 0.021653
0 -0.028022 0.171038 0.058761 0.024991
0 -0.067301 0.186686 0.059304 0.024121
0 0.611981 0.492877 0.050924 0.031507
0 0.577785 0.458561 0.045848 0.034744
0 0.482620 0.169600 0.057620 0.018151
0 0.448168 0.142929 0.044824 0.032673
0 0.480778 0.411301 0.042153 0.033687
0 0.456728 0.433712 0.044033 0.032710
0 0.415454 0.573755 0.037100 0.040948
0 0.882623 0.123569 0.031637 0.041979
0 0.854844 0.089282 0.021877 0.043015
0 1.097168 0.232296 0.063235 0.022486
0 1.064239 0.202154 0.062989 0.022955
0 0.085750 0.275849 0.060851 0.024144
0 0.039121 0.243193 0.049301 0.035175
0 0.002522 0.226693 0.038313 0.039970
0 -0.021581 0.265679 0.049298 0.035177
0 -0.047127 0.291130 0.064977 0.014374
0 -0.103961 0.271531 0.057361 0.029854
0 0.812718 0.517292 0.040151 0.037272
0 0.840774 0.481275 0.025055 0.040505
0 0.431119 0.191309 0.059917 0.023271
0 0.410945 0.161801 0.043114 0.037186
0 0.089568 0.591840 0.062825 0.014216
0 0.154411 0.593280 0.062794 0.014485
0 0.390314 0.525305 0.055922 0.028125
0 0.332934 0.506460 0.055347 0.028684
0 1.122093 0.614933 0.058459 0.021704
0 1.070609 0.602336 0.056369 0.025092
0 0.286027 0.650480 0.040086 0.038040
0 0.268865 0.689458 0.027392 0.040999
0 0.055690 0.134906 0.046110 0.033692
0 0.026711 0.112047 0.058135 0.021953
0 0.574447 0.120207 0.058636 0.017447
0 0.514956 0.111802 0.055665 0.023975
0 0.049651 0.368992 0.056768 0.015358
0 0.008142 0.372839 0.047408 0.029722
0 1.100689 0.400528 0.035103 0.036249
0 1.064044 0.430556 0.053906 0.024191
0 0.112866 0.403708 0.043910 0.037931
0 0.065606 0.433748 0.059113 0.026787
0 0.792977 0.494923 0.023619 0.043394
0 0.749910 0.480305 0.065328 0.014540
0 1.005102 0.335803 0.036377 0.039845
0 0.975131 0.336105 0.045315 0.036537
0 0.688708 0.764544 0.063429 0.021599
0 0.630988 0.764304 0.051254 0.035002
0 0.167542 0.642807 0.059491 0.028532
0 0.116652 0.621645 0.065722 0.013993
0 0.827390 0.418296 0.050791 0.033393
0 0.769031 0.434913 0.062632 0.017100
0 0.064533 0.712801 0.022430 0.042202
0 0.041743 0.712213 0.021623 0.042251
0 0.145571 0.142618 0.040921 0.038756
0 1.005208 0.444437 0.059862 0.025295
0 0.953492 0.438787 0.063846 0.014454
0 0.694182 0.190633 0.025543 0.041118
0 0.675911 0.149889 0.032543 0.040155
0 0.180840 0.573127 0.046116 0.035823
0 0.191822 0.554793 0.039298 0.038711
0 0.399806 0.282590 0.061684 0.014038
0 0.392064 0.311220 0.028551 0.040455
0 0.272949 0.392103 0.058895 0.022576
0 0.213570 0.395023 0.057641 0.024593
0 0.545070 0.214903 0.058818 0.021200
0 0.508326 0.233892 0.060663 0.013984
0 1.010535 0.818789 0.030615 0.039354
0 0.968757 0.842283 0.044171 0.034879
0 -0.071247 0.254262 0.053764 0.028228
0 -0.122975 0.248289 0.060676 0.013753
0 0.612549 0.904086 0.068635 0.015462
0 0.571214 0.889023 0.055119 0.035775
0 0.705179 0.590203 0.023463 0.044604
0 0.420431 0.787123 0.041186 0.039265
0 0.143144 0.681676 0.062362 0.021791
0 0.097994 0.693227 0.059045 0.027120
0 0.897671 0.456049 0.048364 0.035206
0 0.861254 0.488215 0.025792 0.041972
0 1.155356 0.356910 0.037235 0.038882
0 1.129193 0.385838 0.029825 0.040643
0 0.516825 0.299638 0.028546 0.040122
0 0.473562 0.277829 0.051292 0.030984
0 1.111594 0.251304 0.060671 0.021505
0 1.136691 0.486548 0.058658 0.021186
0 1.080035 0.479129 0.057341 0.023452
0 0.558269 0.143503 0.040540 0.036382
0 0.568168 0.182958 0.026157 0.039798
0 1.112281 0.648603 0.058784 0.018332
0 1.072188 0.657934 0.050808 0.029710
0 0.927064 0.368192 0.055775 0.025435
0 0.874047 0.389001 0.049684 0.031295
0 0.415503 0.470006 0.055083 0.025881
0 0.357939 0.487804 0.057040 0.022924
0 1.021673 0.771949 0.051194 0.028441
0 0.992302 0.804835 0.027369 0.038610
0 0.669895 0.060055 0.051673 0.035174
0 0.622894 0.027501 0.050570 0.035831
0 0.624260 0.122491 0.051238 0.032667
0 0.327677 0.073777 0.050503 0.033378
0 0.319893 0.098394 0.058268 0.026159
0 1.040762 0.452600 0.061615 0.021737
0 0.386822 0.352511 0.028004 0.040100
0 0.360004 0.387895 0.055476 0.026967
0 1.015767 0.485786 0.056959 0.022305
0 0.956141 0.476089 0.057660 0.021039
0 0.507034 0.593367 0.049254 0.032601
0 1.007630 0.222210 0.033825 0.039391
0 0.996463 0.196456 0.031969 0.039829
0 0.424685 0.067226 0.026913 0.040372
0 0.447722 0.032337 0.039198 0.037597
0 0.314764 0.301582 0.042552 0.035707
0 0.320022 0.340517 0.029129 0.039658
0 0.780942 0.571301 0.054645 0.024935
0 0.738444 0.544241 0.033706 0.037467
0 0.729334 0.910253 0.024940 0.039529
0 0.700256 0.879065 0.048706 0.031615
0 0.450454 0.236603 0.056156 0.020911
0 0.392810 0.236640 0.057672 0.015870
0 1.160509 0.389410 0.029698 0.036953
0 1.136206 0.414437 0.056460 0.015950
0 0.501274 0.473604 0.031483 0.042118
0 0.520923 0.427983 0.043217 0.038745
0 0.372538 0.439588 0.061762 0.023369
0 0.295588 0.708677 0.021766 0.043963
0 0.301134 0.666451 0.043907 0.039438
0 0.322540 0.520019 0.055511 0.028160
0 0.258451 0.045107 0.060685 0.022095
0 0.268713 0.030935 0.059563 0.023986
0 0.288073 0.329949 0.037897 0.037002
0 0.247307 0.307325 0.059718 0.015386
0 0.594398 0.307947 0.060449 0.016847
0 0.536558 0.323326 0.046579 0.033947
0 1.133746 0.310194 0.060437 0.020594
0 1.107002 0.329136 0.060181 0.021164
0 -0.005042 0.453785 0.022916 0.040427
0 0.014375 0.495951 0.032645 0.039139
0 0.100307 0.209836 0.060257 0.019233
0 0.061275 0.182621 0.048992 0.032802
0 1.023334 0.368697 0.037171 0.037018
0 0.973699 0.377265 0.059494 0.014990
0 0.520252 0.178904 0.033929 0.037078
0 0.476379 0.204229 0.055059 0.023576
0 0.401352 0.043621 0.052855 0.024701
0 0.344341 0.048650 0.056972 0.015098
0 0.133117 0.651821 0.034458 0.043606
0 0.086590 0.656544 0.067766 0.014416
0 0.286415 0.077630 0.033439 0.040419
0 0.239555 0.058070 0.056335 0.028412
0 -0.076479 0.393984 0.054839 0.029195
0 -0.112603 0.366958 0.060190 0.022054
0 0.090034 0.456057 0.058042 0.026853
0 0.150420 0.471509 0.061997 0.019997
0 0.465261 0.550328 0.033778 0.039432
0 0.429578 0.556968 0.036316 0.038731
0 1.028828 0.614633 0.024295 0.040070
0 0.548183 0.655952 0.057606 0.025435
0 0.502506 0.628910 0.056515 0.026882
0 0.241292 0.520979 0.028698 0.039616
0 0.253989 0.482054 0.038005 0.037379
0 0.673578 0.895510 0.059124 0.014697
0 0.634806 0.877242 0.023735 0.039248
0 0.636003 0.177545 0.050067 0.028278
0 0.597146 0.170024 0.035138 0.036186
0 0.706398 0.231393 0.023758 0.037584
0 0.682717 0.226235 0.024418 0.037501
0 1.197061 0.552601 0.055487 0.017792
0 1.151040 0.551374 0.039111 0.033713
0 0.427767 0.106807 0.029332 0.036807
0 0.402681 0.073335 0.024450 0.037338
0 1.028414 0.228751 0.033060 0.041016
0 1.027052 0.181084 0.032043 0.041235
0 0.274420 0.622775 0.061516 0.014794
0 0.214579 0.606923 0.054048 0.029059
0 0.250447 0.414254 0.051884 0.030388
0 0.203295 0.416928 0.060256 0.018417
0 0.947054 0.824457 0.059479 0.020586
0 0.886387 0.834696 0.060891 0.014961
0 0.615980 0.710603 0.047597 0.034528
0 0.668321 0.688938 0.052939 0.030842
0 0.035240 0.501926 0.033496 0.039337
0 -0.004311 0.531972 0.059147 0.022139
0 0.331382 0.568812 0.046390 0.034056
0 0.317668 0.607528 0.020875 0.040633
0 0.001728 0.322959 0.020962 0.039765
0 0.000538 0.282585 0.027229 0.039261
0 0.169156 0.193422 0.025734 0.040765
0 0.199279 0.223476 0.059592 0.021952
0 0.246626 0.594143 0.026182 0.039673
0 0.243526 0.556598 0.041645 0.035752
0 0.673145 0.303708 0.050218 0.028121
0 0.661551 0.280472 0.053586 0.024499
0 0.540660 0.513488 0.023791 0.042352
0 0.542927 0.477959 0.047933 0.035689
0 0.065724 0.287368 0.060524 0.023043
0 0.028018 0.257657 0.050598 0.033536
0 0.099395 0.762497 0.057371 0.027763
0 0.054461 0.756228 0.063242 0.014593
0 0.724528 0.440918 0.049176 0.032706
0 0.681013 0.440369 0.057407 0.024764
0 -0.042663 0.524294 0.030591 0.039755
0 -0.083876 0.535497 0.054394 0.028160
0 0.373216 0.693079 0.039035 0.037659
0 0.338970 0.696657 0.022427 0.040762
0 0.192772 0.246061 0.043364 0.035992
0 0.226540 0.281769 0.043139 0.036098
0 0.706629 0.298982 0.029600 0.037693
0 0.672002 0.267077 0.054343 0.023694
0 0.559058 0.056329 0.057730 0.022162
0 0.510869 0.038338 0.060117 0.014036
0 0.550339 0.562412 0.056207 0.024810
0 0.600770 0.538747 0.051593 0.029760
0 0.647442 0.409511 0.020508 0.039929
0 0.632539 0.370118 0.030522 0.038938
0 0.995173 0.548968 0.055782 0.021549
0 0.943429 0.565002 0.057825 0.015009
0 1.168761 0.590344 0.048289 0.029630
0 1.156857 0.625138 0.031412 0.037117
0 0.336243 0.477306 0.056028 0.021845
0 0.289581 0.498346 0.037168 0.036083
0 0.203243 0.819358 0.055051 0.021935
0 0.168090 0.799301 0.057531 0.013605
0 1.083399 0.724909 0.050121 0.030368
0 1.034081 0.700583 0.054084 0.026760
0 0.320826 0.181604 0.051251 0.026581
0 0.279285 0.197191 0.053010 0.024545
0 0.754139 0.301672 0.027038 0.036876
0 0.735042 0.266142 0.043258 0.031573
0 -0.151468 0.318387 0.050738 0.024385
0 -0.185659 0.301428 0.041394 0.031660
0 0.622320 0.096054 0.056998 0.017416
0 0.563550 0.088988 0.057038 0.017177
0 0.179018 0.277317 0.033649 0.040336
0 0.128833 0.294095 0.062496 0.016368
0 0.090210 0.223778 0.061598 0.019542
0 0.045241 0.195292 0.045831 0.035846
0 0.832009 0.821204 0.060290 0.014780
0 0.774204 0.809573 0.059835 0.017038
0 0.487027 0.722170 0.047478 0.033098
0 0.470476 0.684175 0.024535 0.040080
0 0.983116 0.520923 0.061163 0.023410
0 1.046383 0.521282 0.060898 0.023824
0 0.480620 0.145024 0.045931 0.035834
0 0.451411 0.106873 0.030398 0.040905
0 0.748692 0.495467 0.060337 0.014346
0 0.686702 0.493398 0.060125 0.015628
0 0.036741 0.681755 0.059604 0.018253
0 -0.019455 0.693080 0.057725 0.022623
0 0.399620 0.871264 0.060377 0.014835
0 0.340212 0.878191 0.054369 0.027432
0 0.406943 0.112766 0.031054 0.039104
0 0.380773 0.078436 0.023939 0.039963
0 0.498730 0.313570 0.031015 0.038435
0 0.457325 0.288469 0.049445 0.030528
0 0.819838 0.093024 0.047560 0.032318
0 0.767184 0.074050 0.054714 0.026117
0 0.184819 0.784029 0.057337 0.014110
0 0.129859 0.786694 0.049096 0.028749
0 0.901780 0.569293 0.035752 0.035774
0 0.886448 0.602521 0.041300 0.033613
0 0.297853 0.264059 0.027560 0.036486
0 0.266844 0.236861 0.032140 0.035542
0 0.782554 0.554825 0.052304 0.025515
0 0.750782 0.523240 0.031111 0.036925
0 0.705099 0.509143 0.057219 0.013955
0 0.662627 0.512137 0.045688 0.031161
0 1.002665 0.716222 0.058517 0.017085
0 0.942078 0.715279 0.059027 0.014412
0 0.502477 0.249336 0.054538 0.014768
0 0.447112 0.251699 0.053352 0.019478
0 0.529476 0.074357 0.054510 0.021897
0 0.499617 0.053253 0.056999 0.013851
0 1.098290 0.763855 0.051605 0.015286
0 1.057896 0.757199 0.028176 0.033806
0 0.249583 0.638540 0.048366 0.031752
0 0.198331 0.618258 0.050558 0.030060
0 1.214315 0.382450 0.037672 0.036405
0 1.198904 0.421150 0.030177 0.038379
0 0.823623 0.835873 0.060524 0.016024
0 0.764677 0.845496 0.059617 0.019837
0 0.856796 0.551969 0.050712 0.028239
0 0.831955 0.525396 0.037088 0.035971
0 0.098445 0.672000 0.060881 0.013709
0 0.036442 0.666023 0.059598 0.019909
0 0.618846 0.290888 0.058904 0.014882
0 0.557952 0.296211 0.057919 0.019320
0 1.074528 0.574074 0.040444 0.034094
0 1.107923 0.541170 0.039757 0.034414
0 0.949241 0.807411 0.057365 0.018063
0 0.893097 0.819209 0.057828 0.015723
0 0.815799 0.295242 0.057261 0.017482
0 0.773259 0.286536 0.024249 0.038296
0 -0.107793 0.705770 0.045228 0.032235
0 -0.140751 0.672089 0.037730 0.035736
0 -0.191477 0.460885 0.025249 0.038906
0 -0.160988 0.427185 0.044293 0.033445
0 0.194628 0.516781 0.023248 0.037751
0 0.223602 0.489711 0.031470 0.036627
0 0.881683 0.879777 0.051788 0.016037
0 0.828154 0.882001 0.051276 0.018391
0 0.811007 0.869517 0.051377 0.018091
0 0.795791 0.906103 0.043577 0.027841
0 0.403389 0.379791 0.022554 0.036447
0 0.366118 0.402999 0.050447 0.024533
0 0.399661 0.886383 0.047750 0.014259
0 0.351866 0.891256 0.043782 0.022819
0 -0.111990 0.557607 0.042215 0.036039
0 -0.133370 0.526952 0.057441 0.023887
0 0.735671 0.726012 0.059970 0.018250
0 0.713962 0.697637 0.038335 0.037464
0 0.057406 0.344874 0.042429 0.033721
0 0.018667 0.352061 0.057743 0.016075
0 -0.062548 0.689177 0.026509 0.039371
0 -0.096827 0.664005 0.037867 0.036884
0 0.437307 0.479083 0.053716 0.026243
0 0.381249 0.497637 0.055759 0.023359
0 0.512496 0.888235 0.038796 0.037258
0 0.476812 0.922519 0.047260 0.033292
0 1.224014 0.525265 0.056489 0.019469
0 1.168679 0.510389 0.053714 0.024342
0 0.796537 0.396168 0.046882 0.027831
0 0.742288 0.406589 0.053585 0.019219
0 0.853722 0.596325 0.054575 0.020710
0 0.801989 0.591578 0.056248 0.015028
0 -0.017689 0.480380 0.045728 0.029661
0 -0.067247 0.462164 0.052698 0.022472
0 -0.049955 0.440025 0.020913 0.037078
0 -0.032048 0.405518 0.045689 0.029690
0 0.870564 0.575174 0.050638 0.023312
0 0.831345 0.576466 0.047749 0.026474
0 1.036054 0.336996 0.045624 0.033439
0 1.000354 0.305298 0.052197 0.028697
0 0.643071 0.326542 0.053011 0.027134
0 0.584895 0.323886 0.058869 0.015507
0 0.618675 0.257827 0.053804 0.021831
0 0.560830 0.265324 0.055472 0.018259
0 1.038952 0.534329 0.054161 0.022060
0 0.982478 0.536001 0.054389 0.021711
0 0.927352 0.530899 0.053679 0.022831
0 0.870417 0.530521 0.056147 0.017406
0 -0.025224 0.231095 0.035444 0.035768
0 -0.051870 0.265478 0.046244 0.030803
0 0.247068 0.358678 0.056471 0.022079
0 0.192467 0.366900 0.057659 0.019697
0 0.068738 0.166184 0.045976 0.032107
0 0.024810 0.138734 0.050771 0.028521
0 0.349812 0.577839 0.043906 0.033047
0 0.339860 0.615295 0.021104 0.038782
0 1.114548 0.632339 0.054815 0.018457
0 1.066782 0.618343 0.051306 0.024639
0 0.587722 0.202848 0.022471 0.035993
0 0.572228 0.238639 0.029659 0.035128
0 0.583398 0.650630 0.041302 0.035173
0 0.552995 0.615127 0.038381 0.036351
0 1.113606 0.497147 0.053152 0.022414
0 1.058446 0.500181 0.054380 0.020350
0 0.215648 0.875518 0.048839 0.029760
0 0.162598 0.858407 0.054636 0.023686
0 0.702488 0.668532 0.055423 0.022858
0 0.648631 0.651444 0.056947 0.020140
0 1.184708 0.614645 0.021018 0.037580
0 1.177353 0.644598 0.052989 0.023347
0 0.881141 0.350369 0.050078 0.023478
0 0.835450 0.368547 0.039220 0.031729
0 0.569783 0.042360 0.053447 0.023043
0 0.541226 0.022779 0.056695 0.013715
0 0.073917 0.547905 0.043866 0.035555
0 0.026183 0.574800 0.052642 0.029900
0 0.758916 0.052075 0.053382 0.027737
0 0.645309 0.082585 0.057570 0.014343
0 0.586650 0.076234 0.057142 0.016373
0 -0.087388 0.356780 0.054782 0.020697
0 -0.132435 0.345122 0.052788 0.023949
0 0.850231 0.315014 0.047068 0.027307
0 0.797466 0.312092 0.054080 0.015759
0 0.078721 0.784703 0.051930 0.023401
0 0.026857 0.771586 0.055497 0.013625
0 0.827016 0.328557 0.053138 0.017936
0 0.771636 0.328336 0.053938 0.013644
0 0.918174 0.387717 0.052253 0.022970
0 0.872494 0.410182 0.046430 0.028980
0 -0.020873 0.709470 0.054770 0.020668
0 -0.074888 0.723497 0.050743 0.026360
0 0.225357 0.460488 0.052630 0.022045
0 0.175150 0.443727 0.054420 0.018539
0 0.392985 0.251766 0.052542 0.015273
0 0.345117 0.246289 0.041481 0.029673
0 0.023851 0.556506 0.047141 0.023011
0 -0.012222 0.579722 0.030460 0.032577
0 0.594862 0.816656 0.033990 0.037802
0 0.551540 0.838663 0.048468 0.031439
0 0.699736 0.339921 0.053951 0.023044
0 0.654407 0.313341 0.050269 0.027458
0 0.418376 0.266767 0.056595 0.015337
0 0.360284 0.268615 0.055789 0.018921
0 -0.010235 0.382098 0.047273 0.029084
0 -0.057832 0.384414 0.049735 0.026971
0 1.163746 0.668101 0.048929 0.027154
0 1.127155 0.662069 0.055121 0.017600
0 0.024026 0.326275 0.020380 0.036651
0 0.021811 0.288784 0.024574 0.036318
0 0.922771 0.764329 0.060963 0.017093
0 1.046039 0.266035 0.042481 0.035408
0 1.051525 0.230078 0.031380 0.038972
0 0.535459 0.441128 0.037645 0.035059
0 0.568836 0.408446 0.044084 0.032041
0 1.173093 0.439257 0.040362 0.033633
0 1.121360 0.428178 0.056307 0.016728
0 0.277107 0.274468 0.029605 0.036298
0 0.296349 0.310508 0.038283 0.033795
0 0.927199 0.844350 0.053780 0.020468
0 0.870650 0.850301 0.055539 0.013909
0 0.101006 0.111557 0.026011 0.036272
0 0.090777 0.148696 0.020741 0.036691
0 0.342460 0.221287 0.040579 0.030885
0 0.304972 0.232431 0.049166 0.024344
0 0.529834 0.140933 0.035181 0.032730
0 0.547778 0.173179 0.025788 0.034874
0 1.090135 0.747791 0.048808 0.016762
0 1.052539 0.727013 0.041909 0.026181
0 0.320120 0.672079 0.036805 0.031726
0 0.317520 0.706540 0.020962 0.034924
0 0.625567 0.340928 0.055624 0.020399
0 0.569810 0.346768 0.048989 0.028721
0 0.798527 0.351556 0.037553 0.034588
0 0.750818 0.357266 0.056345 0.015124
0 0.764229 0.343016 0.052933 0.014225
0 0.715876 0.328340 0.050430 0.021445
0 0.495351 0.423546 0.039682 0.031394
0 0.483157 0.457404 0.033554 0.033746
0 1.085722 0.780358 0.053452 0.015497
0 1.033378 0.784923 0.047273 0.026338
0 0.090280 0.365931 0.020796 0.033481
0 0.066613 0.393984 0.029721 0.032327
0 0.320882 0.114977 0.054215 0.023990
0 0.262678 0.122141 0.057941 0.013670
0 1.062961 0.634718 0.048918 0.025422
0 1.020933 0.642909 0.054248 0.014056
0 0.226268 0.214020 0.051187 0.021286
0 0.246076 0.245462 0.033676 0.033630
0 0.225179 0.252147 0.036071 0.032896
0 0.256582 0.281081 0.029877 0.034648
0 0.414230 0.307825 0.026670 0.034176
0 0.412244 0.343371 0.024234 0.034382
0 0.429182 0.642761 0.020108 0.031878
0 0.425409 0.675894 0.022173 0.031742
0 0.361057 0.212953 0.039343 0.028837
0 0.330456 0.195362 0.045676 0.024113
0 0.328721 0.643304 0.042357 0.028301
0 0.358807 0.669983 0.020792 0.034515
0 0.626987 0.481797 0.046944 0.029326
0 0.596287 0.449825 0.041268 0.032736
0 0.697951 0.529425 0.050983 0.023764
0 0.648680 0.524274 0.043489 0.030350
0 -0.056813 0.306228 0.051143 0.013604
0 -0.102437 0.290878 0.046432 0.024135
0 0.000055 0.548035 0.046525 0.021657
0 -0.046716 0.554778 0.043774 0.024705
0 0.528115 0.202519 0.049776 0.020837
0 0.480541 0.219494 0.049621 0.021059
0 0.576489 0.707144 0.045178 0.014834
0 0.530347 0.699861 0.044410 0.017873
0 0.597121 0.237703 0.028881 0.036080
0 0.615856 0.201517 0.033592 0.034916
0 0.333078 0.290452 0.036406 0.031460
0 0.318258 0.256333 0.025494 0.034182
0 0.239896 0.844998 0.045315 0.027354
0 0.189374 0.831930 0.050888 0.020996
0 0.396116 0.833060 0.044777 0.021637
0 0.348869 0.843212 0.047570 0.015209
0 0.786922 0.262240 0.033127 0.024733
0 0.759722 0.239269 0.033204 0.024693
0 0.113347 0.145700 0.020587 0.037113
0 0.102212 0.183046 0.024722 0.036776
0 0.265328 0.162969 0.029583 0.034276
0 0.229567 0.189860 0.047718 0.025043
0 0.309413 0.563093 0.041464 0.030675
0 0.294221 0.597578 0.024578 0.035619
0 0.791548 0.379794 0.043396 0.026201
0 0.742962 0.390898 0.049046 0.019442
0 0.295451 0.218934 0.046070 0.022429
0 0.258253 0.206694 0.045624 0.022995
0 0.832150 0.436326 0.043925 0.028373
0 0.780021 0.449486 0.052728 0.015487
0 0.463637 0.005498 0.053637 0.015250
0 0.408928 0.006543 0.051135 0.021856
0 0.453603 0.784397 0.020958 0.031450
0 0.427941 0.808521 0.034320 0.028670
0 0.303234 0.905820 0.051523 0.023241
0 0.250810 0.902017 0.054123 0.018363
0 1.191419 0.500460 0.049622 0.022782
0 1.163614 0.476194 0.049475 0.022994
0 0.354121 0.138671 0.050473 0.020267
0 0.304742 0.153374 0.047869 0.024120
0 0.108075 0.311515 0.048759 0.022354
0 0.056926 0.301497 0.049475 0.021173
0 0.757907 0.913462 0.031337 0.028624
0 0.765945 0.893890 0.041006 0.023006
0 0.846400 0.789269 0.041756 0.019087
0 0.808841 0.784094 0.031918 0.026848
0 0.283702 0.473430 0.028780 0.026970
0 0.263782 0.500012 0.029899 0.026688
0 0.906773 0.862865 0.044027 0.014802
0 0.860628 0.865270 0.044283 0.013423
0 0.985124 0.362541 0.055800 0.013602
0 0.949789 0.338524 0.039730 0.033076
0 0.920833 0.780089 0.042876 0.016002
0 0.883776 0.784112 0.028723 0.027573
0 0.459265 0.488007 0.049604 0.024738
0 0.409626 0.505793 0.051267 0.022400
0 0.266812 0.377786 0.051389 0.020717
0 0.218476 0.377220 0.050208 0.022615
0 -0.023575 0.349611 0.024331 0.032502
0 -0.020215 0.315554 0.021718 0.032739
0 0.089841 0.513740 0.025346 0.031212
0 0.061905 0.533913 0.035853 0.028076
0 0.093269 0.637398 0.043095 0.022683
0 0.051517 0.622352 0.046889 0.015008
0 0.775061 0.605351 0.040230 0.019829
0 0.737033 0.589655 0.038460 0.021782
0 0.953417 0.644697 0.032284 0.025125
0 0.960249 0.615837 0.021238 0.027764
0 0.784370 0.096364 0.042064 0.017365
0 0.742352 0.089633 0.042266 0.016862
0 0.101392 0.342617 0.048892 0.021430
0 0.058139 0.321725 0.043556 0.027145
0 1.005185 0.731244 0.046622 0.015497
0 0.956370 0.730586 0.047032 0.013560
0 0.855673 0.619128 0.033243 0.025089
0 0.816996 0.609627 0.040048 0.019564
0 0.904031 0.751043 0.041767 0.014135
0 0.866982 0.740957 0.029084 0.026439
0 -0.126805 0.448599 0.035241 0.034483
0 -0.101567 0.415015 0.027838 0.036265
0 1.207584 0.478266 0.037642 0.030761
0 1.233412 0.447362 0.028733 0.033612
0 0.064261 0.503335 0.022083 0.031182
0 0.040276 0.528656 0.035394 0.027918
0 0.302954 0.059017 0.022835 0.032887
0 0.308577 0.026162 0.024928 0.032719
0 -0.047130 0.363552 0.022304 0.032002
0 -0.043707 0.330381 0.020304 0.032145
0 0.970495 0.309098 0.036177 0.024453
0 0.936165 0.292223 0.029826 0.027322
0 1.149061 0.582179 0.035247 0.023200
0 1.115361 0.598385 0.041346 0.013824
0 0.090405 0.742168 0.039021 0.020797
0 0.047981 0.741432 0.042202 0.013375
0 -0.104189 0.326809 0.032432 0.022289
0 -0.075254 0.344180 0.037790 0.016461
0 0.968154 0.459100 0.030049 0.024249
0 0.932336 0.456843 0.037337 0.018804
0 0.541942 0.754249 0.023887 0.025546
0 0.541430 0.732898 0.038010 0.016780
0 0.173184 0.394930 0.036453 0.033489
0 0.143177 0.427404 0.038357 0.032726
0 0.605244 0.276615 0.050339 0.014706
0 0.551172 0.281959 0.049842 0.017191
0 0.570932 0.743605 0.037002 0.023003
0 0.608665 0.737456 0.035526 0.024123
0 0.447441 0.449587 0.040093 0.027994
0 0.404183 0.431619 0.047530 0.020822
0 0.728561 0.875869 0.033177 0.026444
0 0.701103 0.853581 0.023849 0.028942
0 -0.031650 0.628625 0.036107 0.025461
0 -0.004250 0.603797 0.032444 0.027292
0 0.126451 0.095822 0.021551 0.026577
0 0.127986 0.122681 0.030304 0.024711
0 0.186553 0.688110 0.039438 0.015748
0 0.147974 0.698349 0.036945 0.020085
0 0.795799 0.222715 0.032988 0.023238
0 0.770678 0.200175 0.030471 0.024525
0 -0.125963 0.658458 0.026561 0.023545
0 -0.152852 0.641268 0.028143 0.023125
0 -0.075472 0.323761 0.038968 0.026511
0 -0.114289 0.303754 0.043616 0.022623
0 0.476033 0.764291 0.023941 0.029699
0 0.475927 0.795506 0.020697 0.029977
0 0.837474 0.655432 0.029809 0.028100
0 0.801446 0.638651 0.041997 0.020171
0 0.416849 0.706107 0.034731 0.025826
0 0.387741 0.729844 0.038110 0.023699
0 0.912071 0.292588 0.029036 0.026858
0 0.889612 0.266727 0.031398 0.026115
0 1.127735 0.516634 0.042057 0.017007
0 1.085156 0.510777 0.042155 0.016727
0 0.903334 0.253414 0.030695 0.025730
0 0.879069 0.231049 0.039557 0.019058
0 0.926381 0.667292 0.032850 0.023556
0 0.898566 0.688537 0.034511 0.022621
0 0.272171 0.755025 0.034908 0.022047
0 0.246451 0.737512 0.039962 0.013878
0 0.996046 0.564720 0.038990 0.017208
0 0.964472 0.579169 0.039953 0.013566
0 1.207277 0.334765 0.024657 0.025496
0 1.192653 0.309428 0.028458 0.024495
0 0.769674 0.619972 0.037456 0.018778
0 0.733870 0.605960 0.036184 0.020324
0 0.758213 0.107520 0.052983 0.017703
0 0.702399 0.107236 0.053517 0.015075
0 0.570065 0.385355 0.042910 0.023391
0 0.527669 0.400608 0.047509 0.014354
0 0.708141 0.084415 0.022182 0.028649
0 0.700337 0.054718 0.023638 0.028540
0 0.166913 0.255862 0.026659 0.027173
0 0.144958 0.278021 0.041581 0.015215
0 0.935062 0.550590 0.047627 0.014132
0 0.891315 0.542997 0.047080 0.016908
0 0.639779 0.716505 0.037281 0.021723
0 0.679602 0.702406 0.038532 0.020618
0 0.565308 0.676689 0.041563 0.014120
0 0.525678 0.665362 0.038779 0.020379
0 0.230991 0.339681 0.037946 0.013888
0 0.196218 0.351141 0.037564 0.015811
0 0.066947 0.797660 0.035588 0.018297
0 0.032283 0.786387 0.037455 0.013291
0 0.409345 0.744270 0.044401 0.013529
0 0.447587 0.741132 0.038367 0.023817
0 0.630521 0.459254 0.027609 0.025444
0 0.608041 0.435865 0.031990 0.023758
0 0.880475 0.194300 0.039365 0.018763
0 0.838621 0.201504 0.040610 0.016633
0 0.148820 0.755668 0.036866 0.020852
0 0.116269 0.773679 0.037234 0.020539
0 0.512375 0.861468 0.036023 0.021224
0 0.490681 0.884698 0.029399 0.025134
0 0.213135 0.123719 0.037114 0.015140
0 0.179245 0.117565 0.036128 0.017359
0 0.814423 0.258233 0.036169 0.020671
0 0.786025 0.237827 0.032404 0.023377
0 0.426632 0.369855 0.020080 0.025359
0 0.423133 0.396502 0.022328 0.025138
0 0.552381 0.879477 0.034772 0.021453
0 0.584523 0.861917 0.036015 0.020409
0 0.355704 0.457064 0.036047 0.017561
0 0.318449 0.466131 0.036542 0.016883
0 -0.092592 0.228593 0.033943 0.020094
0 -0.130235 0.231649 0.037382 0.014056
0 0.862824 0.340077 0.043672 0.021550
0 0.822755 0.353289 0.032195 0.029142
0 0.669107 0.038660 0.035373 0.024269
0 0.638864 0.016700 0.034415 0.024753
0 0.829879 0.690410 0.023944 0.026751
0 0.818324 0.662998 0.028356 0.025734
0 0.469150 0.313935 0.034101 0.019004
0 0.438724 0.297897 0.032298 0.020576
0 -0.113544 0.619158 0.028010 0.024162
0 -0.129596 0.594511 0.027228 0.024349
0 0.386459 0.787843 0.037075 0.014958
0 0.349321 0.783389 0.032944 0.020887
0 -0.071308 0.211782 0.027315 0.022331
0 -0.097078 0.194295 0.032502 0.019127
0 0.733538 0.309102 0.025903 0.031637
0 0.720610 0.278130 0.037853 0.027660
0 0.373029 0.554322 0.043487 0.025421
0 0.327023 0.539403 0.046042 0.022958
0 0.735383 0.661855 0.032242 0.024418
0 0.697434 0.651043 0.040128 0.016946
0 1.122795 0.578668 0.033916 0.022006
0 1.088834 0.585338 0.030854 0.023685
0 0.959168 0.283900 0.033310 0.023403
0 0.928686 0.269959 0.038836 0.018026
0 0.898772 0.107168 0.024120 0.026373
0 0.877033 0.086876 0.020266 0.026702
0 0.890396 0.673374 0.033230 0.022302
0 0.860558 0.692144 0.033431 0.022170
0 0.498305 0.128860 0.022707 0.022906
0 0.512618 0.150192 0.026471 0.022028
0 1.005022 0.622437 0.020714 0.025756
0 1.010410 0.596364 0.030151 0.023665
0 0.398656 0.693407 0.027447 0.024563
0 0.377722 0.716308 0.034165 0.021162
0 1.101409 0.269013 0.023544 0.021608
0 1.097821 0.290268 0.026815 0.020600
0 0.546839 0.637769 0.027886 0.019482
0 0.526818 0.619774 0.030618 0.017396
0 1.039810 0.583123 0.026717 0.019741
0 1.057223 0.563655 0.026076 0.020122
0 0.931599 0.612960 0.033145 0.025619
0 0.904580 0.636826 0.032609 0.025908
0 0.052297 0.638861 0.042817 0.018099
0 0.009411 0.627738 0.042483 0.018629
0 1.216394 0.539506 0.045691 0.017543
0 1.171097 0.527852 0.043943 0.020626
0 0.157501 0.229775 0.020934 0.027065
0 0.143388 0.256292 0.026793 0.026224
0 -0.046222 0.593341 0.034223 0.024831
0 -0.035051 0.568630 0.037514 0.022603
0 0.785246 0.695727 0.025808 0.026432
0 0.758729 0.686342 0.024641 0.026654
0 -0.124749 0.415021 0.023975 0.025188
0 -0.116517 0.388755 0.021335 0.025410
0 0.988357 0.746684 0.038720 0.014969
0 0.947508 0.747050 0.038682 0.015402
0 0.688533 0.830183 0.027551 0.023233
0 0.699865 0.806788 0.032315 0.020796
0 0.377995 0.578794 0.028443 0.020511
0 0.364415 0.597523 0.029070 0.020240
0 0.828027 0.077715 0.027477 0.018893
0 0.800483 0.066021 0.027075 0.019049
0 0.916209 0.730885 0.035498 0.025274
0 0.884230 0.708905 0.036928 0.024452
0 0.963607 0.193946 0.040022 0.013252
0 0.921531 0.194917 0.039860 0.014231
0 0.185942 0.749904 0.035944 0.020435
0 0.153075 0.733398 0.037219 0.019042
0 0.847136 0.117889 0.039169 0.014946
0 0.805850 0.113971 0.039170 0.014825
0 0.706441 0.752814 0.037728 0.016283
0 0.668105 0.743536 0.036528 0.018290
0 0.032425 0.649854 0.037574 0.017338
0 -0.005881 0.640385 0.037600 0.017305
0 0.040426 0.216364 0.031765 0.020927
0 0.017280 0.195774 0.028813 0.022510
0 -0.169409 0.343728 0.031734 0.020015
0 -0.136881 0.330989 0.033980 0.017768
0 0.955349 0.506534 0.036223 0.019205
0 0.932794 0.486774 0.036678 0.018493
0 0.010564 0.175117 0.033804 0.017644
0 -0.018009 0.189537 0.035123 0.014512
0 0.039542 0.389600 0.037292 0.024311
0 0.001442 0.406766 0.041309 0.020523
0 0.005359 0.739935 0.038750 0.014685
0 -0.034986 0.743507 0.038685 0.015446
0 0.820966 0.850897 0.039649 0.014559
0 0.781475 0.858143 0.039036 0.016996
0 -0.012213 0.654458 0.037466 0.017004
0 -0.051258 0.647558 0.037575 0.016825
0 0.855509 0.775914 0.036312 0.017898
0 0.819788 0.768022 0.030502 0.022806
0 0.239999 0.720574 0.034424 0.017759
0 0.212673 0.703327 0.032122 0.020123
0 0.674808 0.580160 0.035068 0.014677
0 0.654774 0.600786 0.029429 0.021175
0 0.210207 0.544115 0.021741 0.023145
0 0.217997 0.521167 0.022496 0.023131
0 0.098857 0.389227 0.030701 0.018925
0 0.081482 0.409618 0.027228 0.021115
0 -0.117843 0.578295 0.029919 0.020824
0 -0.138852 0.557761 0.027563 0.022010
0 -0.084238 0.697370 0.024570 0.022316
0 -0.108958 0.680936 0.027210 0.021559
0 0.136300 0.352639 0.028722 0.020385
0 0.112455 0.367793 0.020006 0.022639
0 0.487068 0.022337 0.031968 0.017869
0 0.516098 0.008393 0.031881 0.017962
0 0.478399 0.569720 0.024660 0.021443
0 0.450341 0.582018 0.029533 0.019384
0 0.684672 0.089675 0.022542 0.021219
0 0.661470 0.102944 0.022576 0.021215
0 0.874710 0.763338 0.031569 0.013150
0 0.844098 0.757559 0.030676 0.015858
0 1.102265 0.366868 0.029266 0.024247
0 1.082899 0.390995 0.028157 0.024593
0 0.937019 0.142505 0.021662 0.025721
0 0.930930 0.115980 0.028144 0.024524
0 0.704227 0.544679 0.036996 0.017611
0 0.664346 0.549111 0.038071 0.014936
0 0.352249 0.729065 0.028827 0.023475
0 0.371825 0.752094 0.030482 0.022630
0 0.220526 0.588847 0.025055 0.022372
0 0.224540 0.566626 0.025700 0.022199
0 0.393769 0.589876 0.027879 0.021870
0 0.385995 0.613717 0.022850 0.023204
0 0.112150 0.267030 0.034015 0.015962
0 0.082903 0.254101 0.034353 0.014593
0 0.812194 0.144041 0.035931 0.016215
0 0.774020 0.140424 0.036264 0.014881
0 0.535927 0.367729 0.033095 0.015530
0 0.500604 0.370461 0.033508 0.013658
0 0.451055 0.408410 0.033525 0.013590
0 0.419184 0.417583 0.033258 0.014953
0 0.651839 0.152604 0.023124 0.021517
0 0.663050 0.173285 0.030667 0.017797
0 0.360076 0.102219 0.020926 0.021415
0 0.357679 0.079450 0.019915 0.021546
0 0.498155 0.762579 0.021990 0.021434
0 0.498162 0.785469 0.020016 0.021613
0 0.663791 0.618994 0.026895 0.021402
0 0.681524 0.598998 0.019998 0.022690
0 0.356716 0.121761 0.031833 0.015193
0 0.325132 0.130405 0.030997 0.016521
0 0.621643 0.155079 0.037905 0.016014
0 0.588107 0.140684 0.035777 0.019508
0 0.696593 0.476202 0.037360 0.015638
0 0.658358 0.477959 0.037198 0.016177
0 0.993628 0.585598 0.029766 0.022615
0 0.958139 0.593995 0.037260 0.013491
0 1.049632 0.367050 0.026302 0.023110
0 1.032098 0.389790 0.028058 0.022617
0 0.033760 0.410955 0.033316 0.018707
0 0.000926 0.423386 0.034128 0.017566
0 -0.072301 0.440465 0.019928 0.023080
0 -0.072987 0.416764 0.027132 0.021757
0 0.132044 0.063469 0.031777 0.020029
0 0.105380 0.081112 0.028724 0.021846
0 -0.034598 0.606211 0.030375 0.021466
0 -0.058758 0.625839 0.028564 0.022412
0 0.307622 0.798091 0.032921 0.018285
0 0.287794 0.777902 0.028417 0.021422
0 1.099730 0.713916 0.031307 0.019925
0 1.070415 0.698706 0.032498 0.018881
0 -0.195796 0.379251 0.029969 0.019173
0 -0.168290 0.364362 0.029527 0.019543
0 0.179757 0.136451 0.028462 0.021583
0 0.159397 0.157401 0.027961 0.021866
0 0.918304 0.498898 0.032201 0.017579
0 0.936468 0.517505 0.032028 0.017806
0 0.394022 0.545397 0.030811 0.015087
0 0.366309 0.533575 0.029721 0.016868
0 0.498372 0.644955 0.038236 0.019472
0 0.460430 0.632630 0.039931 0.016555
0 1.114801 0.562965 0.031840 0.023583
0 1.137232 0.539622 0.030312 0.024380
0 0.888185 0.732429 0.032576 0.022180
0 0.857271 0.714845 0.034001 0.021057
0 1.022262 0.409718 0.036746 0.014839
0 0.983383 0.408476 0.036962 0.013936
0 0.091057 0.490229 0.034675 0.017852
0 0.120300 0.503515 0.036158 0.014201
0 0.246592 0.106979 0.034968 0.013182
0 0.209713 0.105725 0.034538 0.015478
0 1.015382 0.658280 0.035772 0.013855
0 0.977778 0.655756 0.035171 0.016222
0 0.861250 0.183560 0.036008 0.016652
0 0.822055 0.188917 0.036455 0.015623
0 -0.150735 0.572572 0.028662 0.022228
0 -0.171331 0.551340 0.030504 0.021285
0 0.597288 0.784567 0.025001 0.022562
0 0.583129 0.761641 0.025306 0.022452
0 -0.065791 0.578817 0.025292 0.021585
0 -0.081519 0.557646 0.021921 0.022277
0 0.891656 0.438827 0.028744 0.020054
0 0.867134 0.456122 0.030054 0.019198
0 1.209476 0.444649 0.025970 0.020964
0 1.191344 0.464765 0.028635 0.019697
0 -0.012803 0.514181 0.023122 0.021416
0 -0.029470 0.494327 0.028262 0.019513
0 0.950201 0.177454 0.037238 0.017222
0 0.910356 0.178916 0.038379 0.013277
0 0.457619 0.859269 0.030522 0.022707
0 0.438376 0.882235 0.025716 0.024459
0 0.575360 0.846496 0.034627 0.019393
0 0.544583 0.862718 0.033374 0.020427
0 0.256619 0.835040 0.032791 0.020630
0 0.239201 0.812660 0.032194 0.021144
0 0.722876 0.849142 0.022864 0.024523
0 0.715488 0.823525 0.025067 0.024170
0 0.130723 0.715883 0.035992 0.013972
0 0.094042 0.709221 0.034397 0.017903
0 0.080551 0.099195 0.020756 0.023305
0 0.072442 0.122586 0.022972 0.023120
0 0.146125 0.558702 0.025140 0.021438
0 0.159974 0.537622 0.020119 0.022288
0 0.813752 0.174179 0.036583 0.013191
0 0.775304 0.172120 0.036235 0.015101
0 0.632218 0.921288 0.034453 0.013566
0 0.594482 0.919567 0.034192 0.014387
0 0.449732 0.061217 0.027306 0.019962
0 0.465840 0.040803 0.025751 0.020727
0 0.393937 0.816099 0.030207 0.017068
0 0.363494 0.825818 0.030353 0.016865
0 0.294171 0.138977 0.031237 0.013525
0 0.260812 0.137297 0.031016 0.014062
0 1.120911 0.443342 0.031079 0.014198
0 1.087362 0.442280 0.031261 0.013600
0 0.395767 0.408412 0.029112 0.018030
0 0.366621 0.419932 0.030481 0.016736
0 0.603462 0.108852 0.037008 0.015817
0 0.564451 0.104318 0.037156 0.014865
0 1.070696 0.372363 0.028273 0.023654
0 1.053942 0.396362 0.026672 0.024053
0 0.512431 0.821355 0.033102 0.021230
0 0.481829 0.838355 0.033103 0.021230
0 -0.087909 0.639070 0.035008 0.014800
0 -0.124983 0.637168 0.034970 0.015157
0 1.109729 0.344488 0.032917 0.015549
0 1.076167 0.351937 0.033062 0.015117
0 0.154935 0.608121 0.032579 0.013160
0 0.120424 0.606829 0.032575 0.013237
0 0.940787 0.313900 0.031449 0.013934
0 0.907245 0.313099 0.031380 0.014734
0 0.126531 0.172640 0.020332 0.020648
0 0.122315 0.194540 0.021240 0.020517
0 0.878611 0.166607 0.037933 0.014340
0 0.838726 0.162092 0.036999 0.017208
0 0.129039 0.740994 0.034059 0.019672
0 0.096650 0.726326 0.035347 0.018245
0 0.524925 0.793821 0.029217 0.023144
0 0.542606 0.817406 0.026812 0.023910
0 0.212518 0.800400 0.026874 0.023134
0 0.235250 0.779130 0.023954 0.023907
0 0.406786 0.759409 0.036146 0.013461
0 0.445003 0.760349 0.036064 0.013867
0 1.165328 0.283585 0.033347 0.017352
0 1.131587 0.273312 0.033189 0.017661
0 1.036309 0.474297 0.032969 0.017704
0 1.001803 0.466313 0.032920 0.017781
0 0.150840 0.490828 0.020033 0.022111
0 0.147885 0.514192 0.020286 0.022092
0 0.633993 0.616238 0.031588 0.015915
0 0.600368 0.610204 0.031144 0.016608
0 0.198313 0.178992 0.024745 0.020766
0 0.190506 0.201142 0.021340 0.021388
0 0.271163 0.873342 0.034248 0.013559
0 0.235160 0.864500 0.033994 0.014659
0 1.062606 0.334847 0.028576 0.020399
0 1.041731 0.315199 0.026700 0.021373
