0 0.124629 0.286885 0.077680 0.025137
0 0.493409 0.742881 0.064182 0.045845
0 0.251813 0.119273 0.067282 0.039619
0 0.781221 0.742714 0.027611 0.054516
0 0.788106 0.407941 0.080109 0.019613
0 0.561218 0.197684 0.042980 0.048440
0 0.553036 0.314801 0.049040 0.049699
0 0.865255 0.574915 0.073629 0.034268
0 0.478436 0.391085 0.054176 0.043374
0 0.462181 0.432430 0.053835 0.043543
0 -0.224240 0.234456 0.079501 0.028358
0 -0.042413 0.040982 0.074083 0.029046
0 -0.047279 0.348336 0.073071 0.024549
0 1.213659 0.392092 0.039764 0.048514
0 0.226575 0.378787 0.080044 0.015964
0 0.946989 0.368445 0.051912 0.046305
0 0.409533 0.469802 0.075069 0.026635
0 1.097678 0.491481 0.077439 0.019209
0 0.820545 0.592148 0.068387 0.034087
0 0.776175 0.559696 0.023620 0.051658
0 0.722874 0.960471 0.059367 0.042115
0 1.277948 0.370170 0.046424 0.045827
0 1.259245 0.401929 0.074528 0.020267
0 0.265341 0.710510 0.063211 0.045367
0 1.223333 0.304011 0.068854 0.037225
0 1.133116 0.363539 0.038827 0.050086
0 1.082522 0.359153 0.070230 0.033029
0 0.487589 0.152917 0.076286 0.019872
0 0.195983 -0.020212 0.080889 0.019325
0 0.415866 0.575949 0.026460 0.053260
0 1.250092 0.560503 0.043822 0.046243
0 0.121208 0.401395 0.077208 0.024835
0 -0.082179 0.554180 0.080188 0.014751
0 0.713115 0.275697 0.071767 0.028054
0 0.703905 0.251224 0.063150 0.037432
0 0.758155 0.434177 0.055577 0.045499
0 0.708293 0.436571 0.077090 0.025634
0 0.187216 0.250820 0.039569 0.051193
0 1.078382 0.556731 0.074125 0.024510
0 1.018967 0.575507 0.076585 0.015805
0 0.774548 0.233442 0.059103 0.038878
0 0.962970 0.618327 0.061625 0.038245
0 0.509483 0.208890 0.059363 0.037250
0 0.439408 0.202372 0.073421 0.014495
0 0.150018 0.645640 0.070654 0.032684
0 0.958179 0.895941 0.074077 0.024922
0 0.821759 0.255574 0.034606 0.049752
0 0.946263 0.961758 0.070564 0.016957
0 0.845175 0.941945 0.070879 0.015351
0 0.850386 0.979824 0.060376 0.033954
0 0.380019 0.962035 0.065804 0.018626
0 0.315165 0.968101 0.059708 0.029422
0 1.379086 0.527742 0.076300 0.015782
0 0.859627 0.385688 0.063984 0.033500
0 0.790956 0.391868 0.072567 0.019813
0 0.922689 0.618475 0.066706 0.032739
0 0.866313 0.615870 0.074897 0.016415
0 -0.106114 0.489502 0.050521 0.043233
0 0.559204 0.228399 0.071284 0.026422
0 -0.141440 0.224019 0.062758 0.037269
0 1.156586 0.653408 0.068048 0.030284
0 0.590709 0.191469 0.040302 0.045798
0 1.161923 0.497264 0.072316 0.024055
0 1.302476 0.624256 0.023132 0.050019
0 0.968712 0.317730 0.068104 0.027248
0 -0.240822 0.319069 0.063126 0.036340
0 0.927425 0.278211 0.063465 0.033592
0 0.860279 0.279648 0.067529 0.029082
0 0.901759 0.295319 0.072001 0.018251
0 -0.104457 0.758695 0.073531 0.022520
0 -0.052100 0.584296 0.066740 0.024272
0 -0.103460 0.600108 0.033275 0.045158
0 0.554581 0.912047 0.072369 0.030159
0 0.694393 0.287199 0.069703 0.030244
0 0.328952 0.217554 0.074453 0.020504
0 -0.102914 0.374825 0.055284 0.041364
0 1.283356 0.689301 0.059689 0.038139
0 1.244702 0.688286 0.067109 0.031527
0 -0.075307 0.302861 0.033935 0.047875
0 1.002084 0.827656 0.075456 0.028839
0 0.287513 0.289473 0.033815 0.048490
0 0.926979 0.930917 0.074215 0.015282
0 0.033134 0.039629 0.033880 0.047936
0 0.025332 0.085859 0.022885 0.049129
0 0.310969 0.169437 0.048682 0.042423
0 0.265268 0.182101 0.052622 0.040533
0 0.527882 0.081991 0.061296 0.033943
0 1.152325 0.763140 0.037215 0.043150
0 0.277549 0.721231 0.054114 0.038625
0 0.575981 0.319890 0.046555 0.046098
0 0.762305 0.308666 0.059190 0.035678
0 1.166916 0.836173 0.059473 0.036235
0 -0.021716 0.376900 0.035900 0.044150
0 0.302096 0.046178 0.072353 0.027550
0 0.165729 0.166590 0.070929 0.021222
0 0.199274 0.200492 0.048532 0.042458
0 0.181040 0.210508 0.050571 0.041530
0 0.214135 0.254798 0.032993 0.047069
0 0.402564 0.261803 0.049469 0.040804
0 0.397683 0.669901 0.023167 0.044252
0 0.402776 0.715685 0.022832 0.044277
0 0.327164 0.157959 0.046241 0.040985
0 0.298042 0.132387 0.055745 0.035770
0 0.308562 0.683854 0.028715 0.046448
0 0.332192 0.723189 0.025926 0.046673
0 0.684812 0.536920 0.070618 0.024895
0 -0.153223 0.266289 0.069886 0.014336
0 -0.081145 0.569731 0.068148 0.015097
0 0.484114 0.169328 0.069786 0.019739
0 0.598835 0.742999 0.064182 0.013881
0 0.531605 0.736996 0.063161 0.019354
0 0.614872 0.197705 0.041210 0.046374
0 0.310772 0.251922 0.047945 0.041358
0 0.279526 0.211481 0.021437 0.047069
0 0.179732 0.926808 0.056480 0.037811
0 0.370009 0.900727 0.053641 0.034722
0 0.310559 0.914549 0.065271 0.020617
0 0.838551 0.227701 0.057082 0.023970
0 0.790064 0.201923 0.047962 0.032795
0 0.048500 0.087621 0.025437 0.049340
0 0.028892 0.137964 0.026710 0.049204
0 0.210977 0.107989 0.021465 0.047783
0 0.262909 0.572651 0.054621 0.039669
0 0.256672 0.623726 0.027772 0.047958
0 0.856387 0.368589 0.060816 0.031601
0 0.788235 0.376603 0.068493 0.018952
0 0.252501 0.168207 0.050849 0.037960
0 0.208589 0.158139 0.065283 0.024285
0 0.900066 0.421511 0.062846 0.032539
0 0.814665 0.446569 0.067447 0.026887
0 0.393369 -0.077746 0.070582 0.022854
0 0.454791 0.831182 0.034304 0.042388
0 0.414560 0.866271 0.049563 0.036662
0 1.335196 0.511686 0.071692 0.015017
0 1.281213 0.476191 0.061103 0.034156
0 0.320925 0.073703 0.067182 0.026112
0 0.254716 0.097620 0.058214 0.035765
0 0.802150 0.990500 0.049954 0.035132
0 0.804625 0.968619 0.058741 0.027794
0 0.906978 0.860582 0.047258 0.034804
0 0.875692 0.858464 0.042306 0.037254
0 0.227622 0.479618 0.024163 0.040585
0 0.208643 0.521039 0.039107 0.037607
0 0.977399 0.941053 0.060407 0.022922
0 0.913949 0.945833 0.062441 0.017327
0 1.091354 0.344628 0.066783 0.031873
0 0.994375 0.847289 0.058354 0.024582
0 0.949340 0.855988 0.033609 0.039777
0 0.449694 0.493978 0.071039 0.022841
0 0.239257 0.362727 0.072067 0.015462
0 -0.124978 0.329275 0.024717 0.045073
0 -0.114111 0.283926 0.036329 0.043314
0 0.025461 0.523577 0.047985 0.037714
0 -0.005349 0.552440 0.035250 0.042307
0 0.035218 0.670637 0.062437 0.024675
0 -0.028293 0.661481 0.064792 0.019812
0 0.820443 0.627859 0.058525 0.023070
0 0.763102 0.614265 0.061390 0.013770
0 1.020794 0.672069 0.042194 0.035795
0 1.042810 0.634960 0.020923 0.040331
0 0.841602 0.029627 0.053439 0.029747
0 0.793279 0.009819 0.061453 0.015675
0 -0.034720 0.292654 0.045094 0.042306
0 1.104521 0.766215 0.061719 0.025611
0 1.027812 0.776062 0.064046 0.021495
0 0.924579 0.650684 0.025019 0.040344
0 0.881354 0.637922 0.056749 0.025334
0 0.979812 0.812274 0.060490 0.015000
0 0.927987 0.802629 0.040956 0.036425
0 -0.014671 0.510372 0.040130 0.040601
0 0.273714 -0.008546 0.026849 0.045137
0 0.278496 -0.050721 0.033872 0.044163
0 -0.145526 0.342291 0.026416 0.044226
0 -0.144133 0.296768 0.029309 0.043965
0 1.073175 0.275958 0.043606 0.036441
0 1.023001 0.252223 0.054395 0.029331
0 1.247570 0.593139 0.043158 0.035023
0 1.210217 0.622641 0.057777 0.022120
0 0.025249 0.798068 0.048578 0.032753
0 -0.022272 0.799552 0.060315 0.017568
0 -0.204379 0.296536 0.039959 0.034143
0 -0.188800 0.323551 0.055926 0.019659
0 1.031729 0.442438 0.025029 0.038369
0 0.997502 0.443362 0.045823 0.031875
0 0.552420 0.797886 0.023704 0.038143
0 0.553035 0.769830 0.057033 0.016884
0 0.065366 0.416267 0.031944 0.047900
0 0.590397 0.782501 0.048926 0.032881
0 0.609398 0.791288 0.047950 0.033481
0 0.452843 0.450014 0.049856 0.038862
0 0.386556 0.433153 0.065688 0.024342
0 0.733390 0.945654 0.050108 0.033330
0 0.722928 0.909307 0.041632 0.037722
0 -0.136320 0.665523 0.025615 0.041764
0 -0.100001 0.630569 0.053694 0.031223
0 0.050452 0.023717 0.030940 0.038093
0 0.069244 0.062156 0.035535 0.036896
0 0.125549 0.725717 0.058625 0.013869
0 0.072061 0.740539 0.051813 0.027709
0 0.821712 0.176172 0.053275 0.026347
0 0.803089 0.142080 0.023642 0.038903
0 -0.238975 0.684276 0.036138 0.034425
0 -0.279740 0.663751 0.041011 0.032379
0 -0.172901 0.296032 0.024107 0.043974
0 -0.218502 0.269004 0.063995 0.022734
0 0.484435 0.815213 0.024360 0.042256
0 0.475126 0.857875 0.022767 0.042395
0 0.905096 0.695818 0.042971 0.037608
0 0.863078 0.665281 0.059147 0.025275
0 0.398680 0.752339 0.052306 0.031889
0 0.355068 0.783379 0.041619 0.037886
0 0.982728 0.250619 0.051297 0.030979
0 0.956774 0.215160 0.040002 0.037239
0 1.239838 0.512270 0.055503 0.027567
0 1.180477 0.509556 0.058915 0.022753
0 0.974649 0.205569 0.039924 0.036612
0 0.992641 0.708454 0.037459 0.036466
0 0.956005 0.740951 0.045489 0.032838
0 0.237751 0.820780 0.044080 0.033428
0 0.195634 0.792125 0.050825 0.028814
0 1.088630 0.571034 0.056704 0.021313
0 1.046906 0.591214 0.058652 0.014495
0 1.326069 0.310092 0.040042 0.034468
0 1.310374 0.275438 0.042993 0.033057
0 0.812214 0.641967 0.055304 0.022720
0 0.756394 0.629361 0.058217 0.013846
0 0.816514 0.035743 0.061425 0.034661
0 0.747039 0.030637 0.070481 0.022712
0 0.607843 0.370898 0.055961 0.032675
0 0.540038 0.378616 0.065163 0.020142
0 0.751182 0.006117 0.044801 0.035786
0 0.746710 -0.031694 0.030330 0.040418
0 0.117318 0.227512 0.023240 0.040293
0 0.101146 0.260413 0.057832 0.023003
0 0.997353 0.557097 0.065073 0.020643
0 0.943854 0.549250 0.056955 0.031920
0 0.655654 0.764773 0.034235 0.038385
0 0.718678 0.740155 0.054376 0.027305
0 0.577083 0.711154 0.060285 0.014986
0 0.519602 0.702188 0.059490 0.018827
0 0.209585 0.316477 0.056119 0.017554
0 0.156674 0.327688 0.054525 0.021492
0 -0.008314 0.855190 0.045876 0.030075
0 -0.059256 0.842424 0.055902 0.015626
0 0.389373 0.795701 0.061631 0.020750
0 0.444856 0.780764 0.059967 0.023838
0 0.656750 0.461785 0.039162 0.035665
0 0.623409 0.426866 0.043701 0.033584
0 0.928948 0.139692 0.050350 0.030503
0 0.880491 0.150199 0.048044 0.032231
0 0.094971 0.807862 0.047398 0.031937
0 0.050287 0.835069 0.054738 0.025319
0 0.490882 0.932313 0.054580 0.025056
0 0.469497 0.965426 0.021108 0.039253
0 0.163710 0.058846 0.050139 0.026500
0 0.136441 0.038467 0.047689 0.028661
0 0.863740 0.218143 0.056404 0.021508
0 0.814188 0.196252 0.043646 0.033455
0 0.414226 0.357547 0.028080 0.037209
0 0.409537 0.394812 0.033639 0.035962
0 0.534047 0.953117 0.054387 0.024118
0 0.592100 0.944039 0.058114 0.014329
0 0.332624 0.449357 0.052077 0.024428
0 0.277459 0.454541 0.051488 0.025179
0 -0.191764 0.191728 0.051919 0.024641
0 -0.244293 0.194369 0.054488 0.020579
0 0.942388 0.308803 0.061624 0.025392
0 0.897295 0.327189 0.024150 0.043484
0 0.701126 -0.039794 0.060155 0.019857
0 0.658023 -0.064566 0.055287 0.027595
0 0.873182 0.738783 0.026069 0.039151
0 0.884552 0.702722 0.039690 0.035963
0 0.472372 0.289659 0.041775 0.031724
0 0.425238 0.252790 0.043805 0.030608
0 -0.220075 0.641564 0.031150 0.036779
0 -0.249925 0.608933 0.047280 0.029864
0 0.370561 0.843114 0.055619 0.016806
0 0.331904 0.848443 0.032923 0.035684
0 -0.163896 0.169525 0.037287 0.032930
0 -0.186081 0.146740 0.052507 0.020246
0 0.789089 0.286594 0.037781 0.042142
0 0.760743 0.246390 0.052903 0.035522
0 0.351370 0.560808 0.061362 0.030239
0 0.291092 0.543945 0.053557 0.036677
0 0.788670 0.686946 0.052216 0.028532
0 0.736717 0.682021 0.053361 0.027454
0 1.213506 0.599069 0.042642 0.033476
0 1.174620 0.614308 0.035137 0.036374
0 1.041087 0.242328 0.052214 0.027867
0 1.002256 0.226635 0.051498 0.028542
0 0.973703 0.033981 0.035312 0.036961
0 0.942049 0.015216 0.026292 0.038776
0 0.956718 0.717274 0.043284 0.032984
0 0.912032 0.741780 0.056546 0.019513
0 0.483674 0.072143 0.027902 0.034955
0 0.514420 0.093682 0.046665 0.026595
0 1.084963 0.658881 0.026090 0.037873
0 1.100395 0.623041 0.046315 0.030987
0 0.375566 0.738642 0.031654 0.036928
0 0.340576 0.770313 0.038857 0.034770
0 1.185159 0.224816 0.027699 0.033818
0 1.187722 0.256926 0.040145 0.029502
0 0.575730 0.672163 0.031145 0.032531
0 0.539552 0.653392 0.050776 0.015509
0 1.132947 0.596352 0.021577 0.033748
0 1.152617 0.570107 0.023862 0.033514
0 1.005581 0.633186 0.048661 0.033346
0 0.969754 0.666625 0.031870 0.039867
0 -0.037660 0.678284 0.062115 0.017815
0 -0.092763 0.665532 0.061574 0.019874
0 1.357051 0.544936 0.064953 0.016165
0 1.291289 0.538590 0.058185 0.029367
0 0.095345 0.233129 0.021996 0.039548
0 -0.138736 0.610867 0.046140 0.034540
0 -0.136234 0.587658 0.056687 0.025884
0 0.827529 0.738710 0.022719 0.039431
0 0.808112 0.721449 0.026031 0.039140
0 -0.237591 0.405304 0.042421 0.032840
0 -0.233790 0.370555 0.039929 0.034030
0 1.082837 0.787820 0.053697 0.024549
0 1.033312 0.797682 0.045445 0.031828
0 0.712930 0.891463 0.039311 0.033098
0 0.723420 0.860081 0.043187 0.031123
0 0.356097 0.591487 0.047736 0.024742
0 0.321914 0.611133 0.025670 0.034724
0 0.895738 0.019753 0.033193 0.031263
0 0.859358 -0.001550 0.036809 0.029832
0 0.988271 0.788921 0.054932 0.029435
0 0.935041 0.764500 0.056185 0.028224
0 1.038259 0.135239 0.053928 0.025670
0 0.980905 0.139846 0.058074 0.017784
0 0.145583 0.804015 0.050197 0.028653
0 0.100627 0.778369 0.053145 0.025751
0 0.934618 0.065457 0.057143 0.019293
0 0.876464 0.055128 0.057513 0.018038
0 0.735976 0.798747 0.054097 0.022707
0 0.679154 0.790162 0.057099 0.013714
0 -0.049362 0.694739 0.057311 0.015202
0 -0.098431 0.680352 0.056070 0.020009
0 -0.040271 0.175188 0.045348 0.029547
0 -0.054717 0.141085 0.027337 0.036259
0 -0.289827 0.324439 0.050778 0.023347
0 -0.243654 0.303245 0.046791 0.027505
0 1.025331 0.512779 0.052670 0.025215
0 1.000507 0.477380 0.041727 0.033396
0 -0.075250 0.113919 0.054049 0.014722
0 -0.097443 0.129339 0.054114 0.014303
0 -0.043916 0.380953 0.031605 0.040709
0 -0.079455 0.402918 0.060921 0.021452
0 -0.082726 0.796075 0.056766 0.019066
0 -0.138654 0.801551 0.057835 0.013579
0 0.858568 0.927138 0.058313 0.015923
0 0.798480 0.928578 0.057627 0.019033
0 -0.106003 0.695406 0.054211 0.022701
0 -0.155738 0.696380 0.054232 0.022667
0 0.915710 0.844335 0.043621 0.031864
0 0.871890 0.826783 0.040055 0.033670
0 0.187767 0.769253 0.046612 0.028076
0 0.153186 0.744135 0.053174 0.020177
0 0.668803 0.586272 0.053471 0.017375
0 0.673542 0.611711 0.028482 0.035302
0 0.156237 0.569620 0.034614 0.033510
0 0.151400 0.533797 0.025490 0.035454
0 0.014591 0.377106 0.034061 0.032830
0 -0.001842 0.411553 0.030701 0.033763
0 -0.235477 0.597537 0.044616 0.028763
0 -0.266185 0.567424 0.042306 0.030208
0 -0.188695 0.744817 0.028112 0.034716
0 -0.218904 0.719255 0.029806 0.034371
0 0.067178 0.341840 0.046952 0.025480
0 0.028120 0.344980 0.030990 0.033756
0 0.502083 -0.052506 0.052151 0.016360
0 0.533300 -0.076619 0.048350 0.023960
0 0.461545 0.583453 0.026573 0.034180
0 0.439980 0.590562 0.023172 0.034480
0 0.717091 0.012224 0.027879 0.033215
0 0.693180 0.030388 0.034705 0.031377
0 0.943543 0.829795 0.047928 0.020790
0 0.903481 0.819761 0.049780 0.016617
0 1.217278 0.351780 0.036008 0.035947
0 1.192215 0.387800 0.032823 0.036830
0 1.047624 0.074484 0.042525 0.033229
0 1.017430 0.054644 0.047666 0.030134
0 0.752520 0.552364 0.025375 0.037713
0 0.710393 0.559225 0.055793 0.019822
0 0.308325 0.786900 0.041975 0.032569
0 0.348451 0.811881 0.055508 0.018690
0 0.175925 0.620824 0.050796 0.021714
0 0.184438 0.597000 0.021698 0.035567
0 0.360989 0.606951 0.049706 0.024111
0 0.349154 0.638198 0.025621 0.035541
0 0.058422 0.250517 0.053325 0.014329
0 0.012972 0.233077 0.049158 0.024029
0 0.866313 0.084133 0.054795 0.016813
0 0.812349 0.071603 0.051854 0.023265
0 0.558803 0.351006 0.051345 0.018423
0 0.504027 0.346016 0.052112 0.015067
0 0.435881 0.401725 0.042275 0.028813
0 0.409556 0.422676 0.051030 0.019189
0 0.667502 0.086235 0.044808 0.026048
0 0.686875 0.115698 0.041170 0.028736
0 0.353790 0.024189 0.021642 0.033972
0 0.339192 -0.002938 0.026912 0.033476
0 0.507157 0.818074 0.021951 0.034020
0 0.497186 0.851778 0.022705 0.033950
0 0.680946 0.646690 0.027445 0.034571
0 0.696542 0.614885 0.027375 0.034582
0 0.338298 0.053090 0.048518 0.021002
0 0.289075 0.066309 0.049136 0.020039
0 0.640624 0.093171 0.053328 0.024070
0 0.588751 0.074518 0.048997 0.028628
0 0.718147 0.476882 0.045564 0.030605
0 0.679369 0.487115 0.056029 0.016554
0 1.087477 0.599152 0.022789 0.037190
0 1.046190 0.606282 0.055942 0.014493
0 1.167400 0.351473 0.036677 0.033723
0 1.144915 0.386314 0.033628 0.034631
0 -0.038361 0.409769 0.052762 0.020205
0 -0.091716 0.421136 0.054069 0.015857
0 -0.183343 0.446357 0.023063 0.035390
0 -0.185406 0.409868 0.025618 0.035174
0 0.075009 -0.005369 0.044411 0.029413
0 0.015221 0.007835 0.046271 0.027963
0 -0.140106 0.633366 0.042357 0.031089
0 -0.160516 0.667330 0.021955 0.036570
0 0.264388 0.867282 0.052194 0.019925
0 0.249122 0.846832 0.050042 0.023411
0 1.199888 0.761654 0.029409 0.035021
0 1.179333 0.730519 0.049234 0.024718
0 -0.320556 0.376699 0.032696 0.032899
0 -0.292341 0.345915 0.041160 0.029353
0 0.124692 0.070898 0.030939 0.034665
0 0.094520 0.100049 0.031730 0.034451
0 0.982634 0.488521 0.038527 0.031068
0 0.995994 0.520078 0.043199 0.028511
0 0.377900 0.554451 0.045192 0.023939
0 0.336532 0.533880 0.038914 0.028598
0 0.490953 0.674095 0.053247 0.027159
0 0.439332 0.654958 0.059308 0.014109
0 1.207462 0.581433 0.042558 0.033903
0 1.237286 0.546596 0.036635 0.036295
0 0.951092 0.789757 0.050041 0.027714
0 0.902531 0.767745 0.046227 0.030779
0 1.119129 0.414004 0.055184 0.017381
0 1.077737 0.395140 0.047441 0.028453
0 0.019486 0.494503 0.053425 0.020269
0 0.052663 0.501924 0.048863 0.026426
0 0.212403 0.043165 0.052451 0.019249
0 0.173603 0.036019 0.023260 0.035582
0 1.094981 0.700385 0.054620 0.013767
0 1.046403 0.690721 0.038403 0.032753
0 0.902107 0.125278 0.055227 0.016013
0 0.858480 0.143698 0.045796 0.029581
0 -0.282100 0.577951 0.042813 0.030711
0 -0.313334 0.548607 0.050191 0.024781
0 0.605032 0.850954 0.037294 0.032514
0 0.580060 0.817823 0.029507 0.034815
0 -0.175436 0.599533 0.039289 0.030565
0 -0.187027 0.573079 0.044592 0.027241
0 0.962697 0.424943 0.040991 0.029517
0 0.921340 0.448547 0.047004 0.024959
0 1.325962 0.453206 0.051251 0.016792
0 1.306558 0.470577 0.045441 0.025814
0 -0.085489 0.528737 0.026446 0.033719
0 -0.116430 0.506799 0.039087 0.029734
0 1.038163 0.117809 0.051283 0.026475
0 0.983044 0.124107 0.056133 0.018813
0 0.428985 0.933286 0.020956 0.037693
0 0.424258 0.972185 0.021762 0.037646
0 0.581367 0.928235 0.056038 0.014495
0 0.526470 0.937681 0.052682 0.023309
0 0.194952 0.916000 0.045446 0.029998
0 0.185882 0.891363 0.049799 0.026357
0 0.742994 0.916056 0.037520 0.034135
0 0.747152 0.879970 0.034810 0.034998
0 0.057066 0.763144 0.052286 0.021734
0 0.011838 0.748371 0.020954 0.036544
0 0.011380 0.043002 0.029337 0.034936
0 -0.006534 0.059724 0.042036 0.030257
0 0.085126 0.573957 0.023619 0.034529
0 0.108127 0.547277 0.021448 0.034741
0 0.856814 0.122357 0.041454 0.031868
0 0.825779 0.107575 0.052357 0.022421
0 0.632947 1.011279 0.053006 0.015211
0 0.577324 1.010308 0.053246 0.013666
0 0.448682 -0.011499 0.051402 0.013433
0 0.463346 -0.036328 0.025711 0.033818
0 0.379689 0.871358 0.036359 0.030371
0 0.343206 0.896433 0.042375 0.027004
0 0.244147 0.084322 0.042275 0.026584
0 0.213595 0.073522 0.049589 0.015973
0 1.232733 0.434773 0.050086 0.013652
0 1.184052 0.445152 0.047586 0.020948
0 0.378910 0.405192 0.032585 0.031747
0 0.349361 0.410788 0.034920 0.031016
0 0.627426 0.035095 0.055678 0.016937
0 0.570889 0.036685 0.055728 0.016539
0 1.188018 0.357487 0.036809 0.034777
0 1.164849 0.393227 0.034206 0.035535
0 0.514697 0.889921 0.049226 0.027791
0 0.462732 0.907794 0.054079 0.021875
0 -0.198588 0.673270 0.050037 0.023866
0 -0.248987 0.657146 0.051793 0.021154
0 1.236343 0.317590 0.045486 0.026177
0 1.192030 0.329431 0.049582 0.021362
0 0.091986 0.628406 0.050804 0.016559
0 0.039484 0.634965 0.050872 0.015955
0 1.026675 0.273390 0.049798 0.017033
0 0.990508 0.276706 0.039974 0.028445
0 0.053860 0.128673 0.022469 0.033034
0 0.045613 0.161440 0.036186 0.029868
0 0.951805 0.113379 0.056269 0.017397
0 0.895822 0.105845 0.052919 0.024218
0 0.074195 0.785369 0.050745 0.025590
0 0.033799 0.782562 0.044782 0.030557
0 0.526882 0.851187 0.038441 0.034055
0 0.551623 0.885145 0.022431 0.037389
0 0.162626 0.870702 0.054790 0.015931
0 0.188214 0.843763 0.027535 0.036173
0 0.404769 0.808367 0.053826 0.018921
0 0.448307 0.797752 0.052000 0.022272
0 1.277542 0.249448 0.053035 0.016957
0 1.226159 0.235963 0.050881 0.021798
0 1.108402 0.475310 0.052876 0.016825
0 1.056501 0.473376 0.047638 0.025632
0 0.101313 0.490294 0.044589 0.026691
0 0.080488 0.520058 0.024704 0.034273
0 0.659012 0.649939 0.027896 0.033358
0 0.620337 0.630642 0.042043 0.027876
0 0.132739 0.133270 0.043376 0.026827
0 0.118402 0.153868 0.020304 0.034070
0 0.225031 0.950704 0.052717 0.015536
0 0.173247 0.944292 0.044623 0.027822
0 1.165638 0.311835 0.050016 0.021568
0 1.138102 0.291960 0.032340 0.033330
0 0.840096 0.095324 0.053800 0.022296
0 0.787758 0.080876 0.046358 0.030107
0 1.003659 0.098827 0.044209 0.031104
0 1.004744 0.067273 0.046887 0.029292
0 1.106141 0.390844 0.040409 0.030786
0 1.062282 0.369517 0.048319 0.024980
0 0.465291 0.028699 0.024857 0.033196
0 0.463922 0.063565 0.026565 0.033019
0 1.009448 0.652320 0.042881 0.028943
0 0.984665 0.684017 0.031676 0.033662
0 0.191253 0.720861 0.033781 0.033197
0 0.180767 0.688955 0.042526 0.029297
0 0.041109 0.560878 0.024509 0.034752
0 0.060397 0.527378 0.024706 0.034742
0 1.005858 0.601659 0.020500 0.036001
0 0.977380 0.631227 0.044278 0.029099
0 0.299940 0.834981 0.032327 0.033362
0 0.273688 0.803454 0.040498 0.030138
0 0.306327 0.893497 0.050320 0.019106
0 0.262294 0.882459 0.050293 0.019163
0 0.700498 0.353936 0.039194 0.028806
0 0.684515 0.328885 0.042161 0.027015
0 0.672695 0.193294 0.046863 0.021231
0 0.631000 0.207863 0.031430 0.031330
0 -0.187099 0.530747 0.049178 0.016125
0 -0.236953 0.522134 0.047096 0.020956
0 0.720394 0.755626 0.047031 0.024303
0 0.677833 0.765384 0.031119 0.033022
0 0.264516 0.909708 0.028772 0.034280
0 0.272024 0.931942 0.048329 0.024098
0 0.249010 0.038706 0.028138 0.032361
0 0.230642 0.007045 0.023343 0.032913
0 0.827626 0.786159 0.044820 0.023441
0 0.800548 0.758805 0.023221 0.032546
0 0.718654 0.617113 0.027060 0.033349
0 0.721586 0.592106 0.050267 0.017299
0 0.039999 0.689039 0.050585 0.017306
0 -0.002241 0.687845 0.034943 0.031530
0 -0.162646 0.386552 0.047898 0.017097
0 -0.200130 0.367990 0.047270 0.018754
0 0.313353 0.570149 0.047776 0.014207
0 0.274543 0.587576 0.038952 0.026800
0 0.135634 0.438195 0.025810 0.029511
0 0.098433 0.437470 0.044846 0.014654
0 0.510423 0.315936 0.047978 0.022936
0 0.461727 0.304978 0.042063 0.028287
0 0.932061 0.157644 0.044803 0.026944
0 0.887335 0.166910 0.043194 0.028236
0 0.286421 0.403138 0.049753 0.017144
0 0.239522 0.414394 0.037535 0.029683
0 0.222700 0.901868 0.028355 0.033290
0 0.226022 0.866882 0.021128 0.034065
0 1.007059 0.722724 0.034758 0.032483
0 0.973033 0.750930 0.041057 0.029599
0 0.461454 0.351619 0.027222 0.032775
0 0.469841 0.374279 0.037895 0.029307
0 0.075532 0.133878 0.022465 0.034586
0 0.064286 0.169559 0.038139 0.030814
0 0.895043 0.792517 0.029837 0.032992
0 0.860705 0.764895 0.046819 0.023869
0 0.860625 0.068367 0.049333 0.016991
0 0.813846 0.053972 0.043926 0.025086
0 0.143433 0.299445 0.048083 0.020038
0 0.093676 0.309562 0.049520 0.016274
0 0.915072 0.528132 0.044586 0.025420
0 0.958198 0.507941 0.043985 0.025945
0 1.218375 0.217302 0.047535 0.017594
0 1.182595 0.199434 0.047633 0.017269
0 0.653307 -0.043531 0.038954 0.028541
0 0.615795 -0.064490 0.033489 0.031006
0 -0.011862 0.451887 0.048645 0.013816
0 0.035192 0.462551 0.045961 0.021116
0 0.804253 0.604211 0.048655 0.026098
0 0.759585 0.589288 0.036926 0.033394
0 0.835866 0.829938 0.051294 0.021757
0 0.790104 0.811635 0.053168 0.017956
0 0.634578 0.619009 0.042783 0.027497
0 0.578269 0.605074 0.045864 0.024858
0 -0.232072 0.466726 0.035113 0.031431
0 -0.206625 0.439845 0.021884 0.034029
0 0.666091 0.859731 0.037140 0.031095
0 0.700363 0.832064 0.039617 0.029875
0 0.374595 0.664008 0.021432 0.035706
0 0.378295 0.701030 0.024000 0.035455
0 -0.151737 0.524808 0.039152 0.029899
0 -0.198841 0.514231 0.051068 0.016627
0 0.640871 0.602434 0.040954 0.027568
0 0.595145 0.594730 0.044478 0.024704
0 0.300200 0.859030 0.049832 0.018295
0 0.274407 0.832440 0.030776 0.032418
0 0.328633 0.646445 0.023615 0.032551
0 0.331654 0.681803 0.024082 0.032534
0 1.035952 0.843416 0.024788 0.032586
0 1.057152 0.807582 0.031524 0.031206
0 0.208877 0.027143 0.047363 0.018451
0 0.167620 0.009906 0.048469 0.013856
0 0.826374 0.549340 0.034196 0.029698
0 0.816606 0.519752 0.022819 0.032105
0 0.409189 0.610376 0.049210 0.013991
0 0.393874 0.585394 0.024227 0.032501
0 0.045869 0.264806 0.048442 0.015448
0 0.005426 0.247363 0.045342 0.022289
0 0.480276 0.243150 0.023513 0.031255
0 0.460058 0.226701 0.021026 0.031500
0 0.419874 -0.045240 0.028136 0.029182
0 0.384109 -0.028426 0.045278 0.013826
0 0.449664 0.640115 0.057148 0.013694
0 0.390524 0.638975 0.056913 0.015343
0 0.153928 0.826535 0.050667 0.023752
0 0.109676 0.819522 0.043601 0.030023
0 0.694393 0.859891 0.040757 0.030158
0 0.734449 0.835980 0.051238 0.019984
0 0.803971 0.951306 0.049285 0.024750
0 0.762285 0.940269 0.033587 0.033974
0 0.433772 0.285718 0.033057 0.032743
0 0.423291 0.320552 0.026918 0.034180
0 1.327196 0.635758 0.023413 0.034632
0 1.322200 0.600043 0.024227 0.034552
0 0.147455 0.702602 0.038521 0.030296
0 0.119539 0.686028 0.046968 0.024278
0 0.558610 0.582259 0.044012 0.026343
0 0.608352 0.569831 0.047014 0.023547
0 1.097415 0.507411 0.053418 0.016237
0 1.043647 0.502495 0.049837 0.023878
0 -0.276235 0.543031 0.049546 0.021522
0 -0.325185 0.527311 0.048738 0.022814
0 0.861378 0.452681 0.029387 0.033250
0 0.870222 0.482802 0.025109 0.033915
0 0.013991 0.472473 0.048641 0.022053
0 0.067960 0.480601 0.051683 0.013554
0 0.643078 0.856172 0.035901 0.031374
0 0.676564 0.828334 0.038594 0.030114
0 0.244870 0.539596 0.034769 0.030237
0 0.255187 0.556341 0.038888 0.028212
0 1.130089 0.716084 0.051005 0.016175
0 1.076728 0.715158 0.051463 0.013816
0 0.840281 0.166214 0.048035 0.023640
0 0.824412 0.134537 0.023133 0.034531
0 0.649069 0.367716 0.020187 0.033612
0 0.627282 0.338107 0.032558 0.031665
0 0.344482 0.354871 0.034971 0.029068
0 0.305506 0.375416 0.039579 0.026653
0 0.358006 0.135310 0.030028 0.030734
0 0.356042 0.106782 0.037596 0.027816
0 0.156754 0.463901 0.033065 0.030485
0 0.153647 0.495745 0.031579 0.030899
0 0.432189 0.625318 0.048944 0.013555
0 0.381263 0.623509 0.048637 0.015247
0 0.787267 0.221376 0.040353 0.026188
0 0.755014 0.197088 0.026324 0.031580
0 -0.250470 0.634741 0.034687 0.030351
0 -0.282019 0.608640 0.032478 0.031067
0 -0.029854 0.629650 0.043905 0.022694
0 0.017175 0.620667 0.047820 0.013827
0 0.103693 0.065991 0.029451 0.030935
0 0.071975 0.097660 0.028418 0.031209
0 0.363872 0.252950 0.039351 0.026007
0 0.384488 0.280065 0.024772 0.031135
0 0.810551 0.493832 0.045507 0.018203
0 0.763771 0.495899 0.046300 0.015150
0 -0.185331 0.770369 0.044485 0.017887
0 -0.218238 0.746658 0.038483 0.024891
0 0.364224 -0.058211 0.050655 0.013793
0 0.312069 -0.057494 0.050115 0.016740
0 0.667626 0.919794 0.021292 0.034088
0 0.688668 0.888940 0.036017 0.031097
0 0.620872 0.524330 0.043609 0.025151
0 0.595909 0.495191 0.021152 0.033104
0 0.757725 0.104817 0.038902 0.029556
0 0.726123 0.089969 0.020206 0.034009
0 -0.249149 0.502726 0.048609 0.020837
0 -0.296240 0.486452 0.047501 0.022619
0 -0.279554 0.390380 0.031295 0.031194
0 -0.305655 0.418793 0.044033 0.024287
0 0.772375 0.877523 0.036880 0.029014
0 0.762948 0.847814 0.034646 0.030070
0 1.217915 0.744104 0.021236 0.032609
0 1.229467 0.719832 0.036991 0.028813
0 0.478201 0.686633 0.045371 0.023862
0 0.435678 0.669854 0.050002 0.013898
0 0.850397 0.734077 0.022232 0.033400
0 0.859496 0.703854 0.034361 0.031024
0 0.435193 -0.070558 0.046364 0.018759
0 0.399084 -0.052184 0.027834 0.030964
0 0.965148 0.096382 0.048148 0.017824
0 0.916668 0.096207 0.045415 0.022485
0 0.058562 0.316782 0.038398 0.028118
0 0.013181 0.306108 0.048427 0.017068
0 -0.090542 0.218547 0.041262 0.025434
0 -0.111171 0.238373 0.047507 0.017174
0 1.125907 0.817122 0.037300 0.025667
0 1.088450 0.830719 0.033373 0.027676
0 0.576283 0.696273 0.047014 0.013985
0 0.541303 0.683734 0.046105 0.017922
0 0.449574 0.725303 0.023795 0.030625
0 0.444943 0.693659 0.021361 0.030852
0 1.125946 0.519382 0.047384 0.017357
0 1.160253 0.529538 0.047662 0.016011
0 1.285011 0.450390 0.038882 0.023502
0 1.303729 0.417666 0.029035 0.028346
0 -0.219373 0.417696 0.040326 0.021425
0 -0.202139 0.391653 0.025765 0.028667
0 0.783259 0.826608 0.051335 0.018337
0 0.827723 0.844773 0.049694 0.021398
0 0.102939 0.343058 0.045166 0.025313
0 0.058940 0.363177 0.046345 0.024241
0 1.117445 0.230785 0.029101 0.033185
0 1.077414 0.219256 0.047635 0.022887
0 0.443196 0.867575 0.039931 0.028961
0 0.409183 0.894575 0.038498 0.029732
0 -0.084243 0.459561 0.037716 0.030140
0 -0.037913 0.466550 0.050892 0.014742
0 -0.131089 0.177881 0.030328 0.032653
0 -0.168244 0.200730 0.043273 0.026723
0 0.203267 0.872398 0.020128 0.033271
0 0.213021 0.837875 0.026347 0.032762
0 0.550511 0.982162 0.049503 0.019238
0 0.529901 1.009481 0.029597 0.032800
0 0.326939 0.345583 0.035530 0.028758
0 0.288357 0.365939 0.039669 0.026561
0 0.716246 0.220183 0.041069 0.025412
0 0.674998 0.208817 0.045799 0.020188
0 1.179979 0.555457 0.033264 0.029505
0 1.202414 0.525935 0.034837 0.028859
0 0.751174 0.364115 0.047748 0.013757
0 0.715897 0.343097 0.038006 0.027229
0 0.879533 0.395563 0.041440 0.023907
0 0.837827 0.414073 0.042978 0.022501
0 1.167014 0.417390 0.046034 0.019976
0 1.120337 0.429089 0.047557 0.016557
0 0.626641 0.506000 0.036268 0.027078
0 0.614778 0.475123 0.026318 0.030434
0 0.890544 0.493419 0.025329 0.030533
0 0.891598 0.464037 0.037295 0.026496
0 0.707421 0.106941 0.036493 0.027326
0 0.693567 0.079931 0.040743 0.024530
0 0.034624 0.744285 0.021863 0.031848
0 0.031812 0.720293 0.047118 0.017672
0 1.136006 0.456461 0.046426 0.018415
0 1.087329 0.462690 0.047116 0.016149
0 -0.006659 0.146165 0.045165 0.018513
0 -0.014559 0.123415 0.022840 0.030716
0 0.448339 0.478582 0.044768 0.016417
0 0.403302 0.488129 0.044038 0.018340
0 -0.294254 0.463646 0.050609 0.020090
0 -0.258870 0.438903 0.037167 0.031507
0 0.333930 0.978468 0.047669 0.024568
0 0.288952 0.998708 0.049078 0.022807
0 -0.299268 0.519396 0.047434 0.023187
0 -0.344541 0.501291 0.042201 0.027893
0 0.628592 0.797865 0.039690 0.028161
0 0.618645 0.819956 0.049832 0.014203
0 0.500793 0.136380 0.047239 0.015861
0 0.453102 0.137113 0.045090 0.020785
0 0.832451 0.702033 0.027584 0.032511
0 0.802729 0.675457 0.043761 0.025123
0 0.458950 0.767650 0.045906 0.019082
0 0.496992 0.787596 0.041940 0.024067
0 -0.077155 0.165943 0.029484 0.030428
0 -0.094552 0.196905 0.031130 0.029973
0 1.246153 0.630916 0.045041 0.017201
0 1.209640 0.649439 0.040306 0.023653
0 0.831856 0.435565 0.044925 0.019982
0 0.789087 0.423890 0.046665 0.015652
0 0.538349 0.195910 0.030897 0.028786
0 0.509864 0.184255 0.045676 0.014458
0 0.592639 0.963015 0.046186 0.022760
0 0.547529 0.964280 0.046844 0.021813
0 0.635546 0.278555 0.038527 0.025338
0 0.597507 0.273076 0.044589 0.018644
0 0.493289 0.101989 0.043338 0.022036
0 0.449988 0.086217 0.042405 0.022998
0 0.263679 0.241325 0.042913 0.015535
0 0.256691 0.217917 0.019963 0.028861
0 0.019150 0.552327 0.027052 0.030006
0 0.004165 0.578974 0.043493 0.020596
0 0.771048 0.335066 0.044069 0.013444
0 0.738519 0.315576 0.037227 0.024396
0 0.872575 0.794611 0.029946 0.033729
0 0.834948 0.771606 0.047077 0.024905
0 0.995239 0.199785 0.034853 0.031214
0 0.965997 0.170926 0.032420 0.031953
0 0.845920 0.676932 0.047612 0.021439
0 0.806245 0.656618 0.047986 0.020817
0 0.901203 0.229808 0.043772 0.026231
0 0.856794 0.247718 0.050340 0.016691
0 0.676564 0.955861 0.028953 0.032727
0 0.690304 0.922889 0.022106 0.033582
0 0.235550 0.978812 0.049312 0.016935
0 0.202917 0.966431 0.049912 0.013626
0 1.085365 0.205166 0.047285 0.021880
0 1.039925 0.190264 0.037937 0.029442
0 0.619688 0.727533 0.048430 0.015856
0 0.567056 0.725741 0.048455 0.015593
0 0.357260 0.867143 0.036418 0.029938
0 0.312584 0.876749 0.049132 0.018010
0 0.684787 0.672279 0.048104 0.016640
0 0.641192 0.662774 0.029757 0.031145
0 -0.155862 0.487544 0.047481 0.015921
0 -0.204118 0.482039 0.044774 0.021713
0 0.103472 0.361022 0.041955 0.023513
0 0.064729 0.381442 0.037701 0.026724
0 0.214894 0.702047 0.035593 0.028430
0 0.194258 0.676983 0.038595 0.026890
0 -0.008034 0.436486 0.047025 0.014863
0 -0.055144 0.445708 0.045590 0.019248
0 0.654373 0.812258 0.023243 0.031573
0 0.629029 0.834333 0.047665 0.014460
0 0.665683 0.045359 0.042987 0.022053
0 0.618072 0.060772 0.039435 0.025245
0 0.308189 -0.005626 0.041116 0.023923
0 0.302625 0.014510 0.043155 0.021982
0 0.251094 -0.043502 0.039077 0.025555
0 0.206507 -0.049716 0.045994 0.016834
0 0.262290 0.668562 0.044590 0.018645
0 0.240066 0.658004 0.044322 0.019078
0 0.111257 0.274230 0.045024 0.019064
0 0.059550 0.280572 0.046581 0.013898
0 0.443762 0.058195 0.025868 0.030527
0 0.443754 0.026686 0.024615 0.030663
0 -0.009921 0.711601 0.045371 0.014834
0 -0.057530 0.710205 0.045603 0.013597
0 0.395393 0.346535 0.025507 0.027897
0 0.389104 0.375281 0.027895 0.027292
0 0.057176 0.866556 0.043302 0.025085
0 0.009359 0.877823 0.046706 0.021267
0 0.909033 0.208611 0.051823 0.016130
0 0.857360 0.200904 0.050137 0.020718
0 0.037655 0.225270 0.046556 0.022851
0 -0.003577 0.202594 0.040683 0.027929
0 0.407748 0.996668 0.050699 0.018947
0 0.385098 0.978104 0.051431 0.016208
0 0.199804 0.753253 0.036362 0.030381
0 0.168408 0.723697 0.031269 0.032070
0 0.088562 0.598852 0.049080 0.018471
0 0.037022 0.604638 0.049699 0.015993
0 0.152743 -0.050329 0.044988 0.023559
0 0.131208 -0.030088 0.049444 0.013757
0 0.592411 0.332779 0.034570 0.028991
0 0.599953 0.352791 0.034180 0.029160
0 1.162950 0.226426 0.026279 0.032350
0 1.143893 0.194890 0.031439 0.031139
0 0.451333 0.936049 0.021242 0.032169
0 0.446975 0.969438 0.020717 0.032202
0 0.589994 0.863556 0.034732 0.030473
0 0.564281 0.833491 0.035219 0.030277
0 -0.011057 0.640098 0.043360 0.023633
0 -0.058244 0.650825 0.047585 0.016919
0 0.520180 0.717637 0.048279 0.016370
0 0.476032 0.707666 0.036792 0.028714
0 -0.089615 0.643757 0.041228 0.024440
0 -0.054872 0.621110 0.034153 0.028718
0 -0.013326 0.607845 0.044870 0.020309
0 0.025935 0.589585 0.045122 0.019898
0 0.645022 0.919456 0.020299 0.032454
0 0.662929 0.888592 0.034621 0.029697
0 1.082504 0.425385 0.025718 0.030961
0 1.052124 0.402168 0.042907 0.022873
0 0.838656 0.517898 0.022032 0.031559
0 0.847601 0.485991 0.024415 0.031351
0 0.735164 0.814760 0.045424 0.019878
0 0.689053 0.804980 0.047479 0.013601
0 0.728381 -0.014787 0.037712 0.027334
0 0.683926 -0.023018 0.047472 0.014975
0 0.274579 0.257213 0.045185 0.013409
0 0.308963 0.281722 0.027578 0.029239
0 -0.103845 0.313452 0.020850 0.029754
0 -0.090765 0.283848 0.027940 0.028801
0 -0.022149 0.166409 0.038590 0.025516
0 -0.036022 0.128944 0.024613 0.030438
0 0.656239 0.226093 0.041525 0.018413
0 0.615466 0.230917 0.042766 0.014742
0 1.112754 0.187161 0.032008 0.027829
0 1.141503 0.163625 0.029520 0.028534
0 0.063707 0.295585 0.040757 0.013995
0 0.021054 0.292226 0.040418 0.015712
0 -0.133662 0.419647 0.036731 0.029821
0 -0.135955 0.452193 0.028989 0.032373
0 1.289090 0.283484 0.035795 0.028953
0 1.300603 0.314051 0.035386 0.029162
0 1.209557 0.453829 0.047448 0.021576
0 1.160720 0.466666 0.048761 0.019436
0 0.956505 0.468928 0.042161 0.026626
0 0.944572 0.494848 0.043284 0.025690
0 0.513332 0.607906 0.039260 0.026323
0 0.484916 0.581459 0.027178 0.030991
0 0.382468 0.522121 0.041733 0.023192
0 0.422023 0.540646 0.038205 0.026041
0 -0.222292 0.494126 0.044150 0.021269
0 -0.266589 0.480417 0.042313 0.023323
0 0.203091 0.004163 0.032173 0.029259
0 0.162651 -0.008322 0.044364 0.020736
0 0.580781 0.464413 0.036161 0.026900
0 0.552402 0.438674 0.038423 0.025653
0 0.840673 0.807738 0.043865 0.023152
0 0.804841 0.798586 0.047652 0.016534
0 1.077117 0.812479 0.030229 0.028725
0 1.058378 0.841043 0.024082 0.029997
0 0.984635 0.076642 0.039583 0.025431
0 0.958616 0.049535 0.035820 0.027599
0 1.111430 0.445141 0.046034 0.016049
0 1.063924 0.450691 0.044795 0.019209
0 0.922873 0.475419 0.022333 0.030709
0 0.909228 0.504734 0.024417 0.030539
0 1.204126 0.471601 0.043791 0.017815
0 1.160166 0.482349 0.043752 0.017895
0 1.334276 0.561146 0.041942 0.016912
0 1.290590 0.558056 0.041540 0.017766
0 1.022109 0.906178 0.040406 0.018941
0 0.984274 0.922117 0.040844 0.018293
0 -0.069745 0.482601 0.050201 0.016649
0 -0.017199 0.482440 0.050611 0.014560
0 1.335689 0.576611 0.049099 0.018411
0 1.284918 0.572682 0.048801 0.019056
0 1.043620 0.220011 0.032160 0.031350
0 1.014197 0.191987 0.034684 0.030562
0 0.573656 0.620837 0.044747 0.023229
0 0.531978 0.599370 0.040518 0.026848
0 0.409533 0.453945 0.046897 0.020847
0 0.360781 0.467733 0.044291 0.024133
0 0.625609 0.580256 0.044209 0.022381
0 0.658280 0.556268 0.045125 0.021080
0 -0.091734 0.144060 0.048360 0.014806
0 -0.138473 0.153931 0.048466 0.014272
0 0.522598 0.041799 0.048049 0.018568
0 0.498268 0.017324 0.039728 0.027538
0 0.907903 0.670274 0.034300 0.031344
0 0.867420 0.650241 0.047412 0.022330
0 0.782868 0.168957 0.020127 0.032759
0 0.779563 0.134969 0.021366 0.032700
0 1.031352 0.383440 0.046599 0.018795
0 1.004236 0.404959 0.045090 0.021246
0 0.188221 0.094280 0.022033 0.031658
0 0.160499 0.117126 0.031702 0.029917
0 0.799303 0.852740 0.040800 0.025151
0 0.843994 0.865009 0.045374 0.020089
0 0.586293 0.407312 0.045607 0.020966
0 0.632912 0.398004 0.041549 0.025265
0 0.719396 0.414875 0.027836 0.029904
0 0.740461 0.388701 0.020129 0.030786
0 0.757411 0.788362 0.044637 0.021827
0 0.710621 0.777068 0.046542 0.018770
0 0.144508 0.078848 0.027897 0.030089
0 0.118165 0.104326 0.029177 0.029734
0 0.437358 0.819628 0.028343 0.029947
0 0.409553 0.844625 0.030918 0.029238
0 0.753508 1.001957 0.037342 0.024406
0 0.764744 0.973905 0.020750 0.029394
0 0.153710 0.843207 0.040578 0.019766
0 0.115093 0.837350 0.037526 0.022905
0 0.875072 0.553926 0.026203 0.028258
0 0.883205 0.524240 0.024108 0.028551
0 1.202022 0.559202 0.030966 0.026677
0 1.222251 0.532504 0.032034 0.026246
0 0.242364 0.347808 0.043643 0.013894
0 0.230154 0.333352 0.043703 0.013300
0 0.337474 0.581969 0.039910 0.021302
0 0.299644 0.592068 0.031262 0.026870
0 0.607188 -0.026354 0.041764 0.017168
0 0.574319 -0.045583 0.035402 0.024200
0 0.761146 0.647513 0.046524 0.020997
0 0.714764 0.641987 0.048270 0.017838
0 1.191617 0.718096 0.046171 0.022852
0 1.146697 0.700646 0.045950 0.023121
0 0.384965 0.923219 0.020281 0.032735
0 0.349543 0.928703 0.046317 0.021356
0 0.267984 -0.080980 0.047843 0.017034
0 0.235159 -0.064307 0.048432 0.014012
0 1.042273 0.150969 0.045723 0.022412
0 0.993222 0.154268 0.048879 0.015433
0 0.560715 0.366702 0.046036 0.017544
0 0.512543 0.360485 0.046690 0.014603
0 -0.173364 0.634424 0.020115 0.031842
0 -0.195571 0.606703 0.035379 0.028589
0 0.726475 0.989855 0.048841 0.013848
0 0.676499 0.995290 0.048547 0.015298
0 1.057225 0.744060 0.049336 0.013479
0 1.011608 0.744675 0.040624 0.027100
0 0.767640 0.058006 0.048846 0.018702
0 0.716861 0.065417 0.049761 0.015156
0 0.286996 0.433005 0.045498 0.015481
0 0.247130 0.447892 0.044359 0.018880
0 1.111200 0.590624 0.021424 0.030514
0 1.128875 0.562756 0.022364 0.030416
0 0.325487 0.241903 0.033926 0.027384
0 0.353794 0.267017 0.038242 0.025034
0 0.761536 0.665624 0.043075 0.023973
0 0.719785 0.658950 0.046661 0.019319
0 0.155260 0.312384 0.045394 0.019325
0 0.108463 0.322812 0.046528 0.016739
0 -0.091765 0.098143 0.045066 0.014700
0 -0.125342 0.116145 0.041900 0.021583
0 1.057595 0.901637 0.029898 0.027890
0 1.024963 0.922579 0.041606 0.020351
0 -0.145521 0.207455 0.038349 0.023665
0 -0.183489 0.224574 0.043316 0.017611
0 1.336933 0.355804 0.022759 0.028684
0 1.329679 0.384439 0.027025 0.028138
0 0.574558 0.641991 0.034204 0.025646
0 0.543279 0.630432 0.024174 0.028696
0 -0.134049 0.377015 0.036928 0.022494
0 -0.164790 0.364224 0.020465 0.028015
0 0.762690 0.525411 0.041190 0.014332
0 0.732863 0.540483 0.023600 0.027266
0 1.060064 0.665935 0.025348 0.033398
0 1.065031 0.630685 0.020163 0.033792
0 1.012432 0.371828 0.049110 0.019792
0 0.982224 0.395286 0.045789 0.024381
0 1.052106 0.164332 0.045010 0.022645
0 1.002681 0.168667 0.048566 0.014830
0 0.760934 0.349544 0.046646 0.013797
0 0.727825 0.329424 0.038527 0.025991
0 0.394634 0.775217 0.041093 0.024462
0 0.432327 0.754019 0.040484 0.024966
0 0.502239 -0.006255 0.048089 0.016299
0 0.455090 0.003337 0.048588 0.013378
0 0.297220 0.416880 0.045071 0.016369
0 0.254713 0.425814 0.035531 0.026683
0 0.468593 0.506648 0.044624 0.017753
0 0.422772 0.515276 0.044067 0.018772
0 0.605487 0.976390 0.044736 0.020987
0 0.631878 0.951020 0.028167 0.030716
0 0.136649 0.777079 0.032507 0.028798
0 0.100885 0.757549 0.036900 0.026719
0 -0.044577 0.102239 0.042738 0.020666
0 -0.076093 0.080633 0.041313 0.022382
0 1.111955 0.261674 0.035052 0.029436
0 1.083737 0.238000 0.048068 0.016636
0 0.745793 -0.061427 0.044312 0.017623
0 0.709749 -0.053507 0.044360 0.017507
0 -0.142444 0.135835 0.042826 0.019651
0 -0.187280 0.131289 0.043940 0.017850
0 1.177589 0.166662 0.043798 0.020544
0 1.149187 0.140465 0.044356 0.019606
0 0.813240 0.478861 0.044884 0.018720
0 0.766664 0.481267 0.046048 0.014911
0 0.068020 0.646441 0.045820 0.016971
0 0.023877 0.651757 0.044178 0.020108
0 1.057990 0.427614 0.030493 0.028706
0 1.022008 0.415968 0.043199 0.020121
0 1.283850 0.497035 0.038955 0.022725
0 1.245442 0.480520 0.041352 0.020177
0 0.308558 0.534247 0.034888 0.026207
0 0.273805 0.517471 0.044637 0.013471
0 0.225800 -0.032152 0.044586 0.016005
0 0.179188 -0.036719 0.044629 0.015649
0 1.091758 0.182011 0.031809 0.028248
0 1.119694 0.157478 0.029560 0.028863
0 0.012919 0.271004 0.036089 0.026059
0 -0.023885 0.252159 0.037607 0.025233
0 -0.169328 0.547408 0.040660 0.021536
0 -0.208296 0.563668 0.038573 0.023376
0 0.250257 0.481129 0.021916 0.028368
0 0.240517 0.510469 0.023226 0.028250
0 -0.014579 0.726093 0.043499 0.014947
0 -0.060374 0.725070 0.043812 0.013295
0 -0.153992 0.472860 0.041058 0.015461
0 -0.196010 0.468281 0.038732 0.020128
0 0.186470 0.335365 0.039801 0.021061
0 0.144430 0.346194 0.041993 0.017746
0 -0.010050 0.284526 0.023731 0.026077
0 -0.034137 0.266237 0.033830 0.022449
0 0.107355 0.513318 0.027378 0.030729
0 0.135519 0.488224 0.030948 0.029778
0 0.507798 0.875044 0.041410 0.023659
0 0.467125 0.885660 0.044582 0.019806
0 0.497312 0.639447 0.037011 0.026104
0 0.465693 0.616148 0.030824 0.028803
0 0.963630 0.879863 0.044576 0.018694
0 1.001963 0.862467 0.043990 0.019581
0 -0.279305 0.224283 0.034337 0.027852
0 -0.287198 0.258558 0.022584 0.030632
0 -0.135290 0.514939 0.035370 0.026971
0 -0.175425 0.501366 0.045746 0.014181
0 1.016935 0.303462 0.039394 0.022608
0 0.977766 0.290019 0.035096 0.025649
0 1.247328 0.781371 0.031939 0.028188
0 1.267327 0.752815 0.032517 0.027981
0 0.669465 0.157167 0.032171 0.027867
0 0.657715 0.181646 0.042852 0.019866
0 0.428664 0.145671 0.042083 0.020430
0 0.387822 0.130538 0.041532 0.021218
0 -0.067537 0.377751 0.025667 0.027300
0 -0.095987 0.357661 0.032950 0.024805
0 0.361675 0.364557 0.032437 0.026766
0 0.324441 0.383779 0.036713 0.024525
0 0.440001 -0.034037 0.023717 0.028992
0 0.457730 -0.059617 0.041767 0.019611
0 0.535073 0.668959 0.043845 0.015604
0 0.493303 0.657711 0.039950 0.022277
0 -0.082367 0.254294 0.028420 0.027514
0 -0.069968 0.227345 0.037108 0.023544
0 0.592803 -0.009745 0.042900 0.015994
0 0.566095 -0.028175 0.038943 0.022168
0 1.110774 0.745042 0.042630 0.014589
0 1.075215 0.758350 0.041742 0.017764
0 0.474990 1.009130 0.037810 0.023454
0 0.439122 1.028102 0.038535 0.022838
0 1.147504 0.330666 0.041874 0.018168
0 1.123800 0.307232 0.029423 0.027295
0 0.007664 0.121424 0.021581 0.028232
0 -0.008530 0.097405 0.041261 0.018013
0 1.144265 0.238101 0.027747 0.027917
0 1.129543 0.210668 0.036312 0.024394
0 0.043187 0.327820 0.031871 0.023054
0 0.004016 0.319981 0.038578 0.016021
0 0.352824 0.673483 0.022752 0.031572
0 0.357073 0.706940 0.022883 0.031555
0 0.625042 0.675689 0.030327 0.030083
0 0.606109 0.645548 0.036087 0.027935
0 0.690603 -0.008623 0.047918 0.015085
0 0.640791 -0.011208 0.048175 0.013721
0 0.074860 0.550614 0.041274 0.024444
0 0.061319 0.579846 0.021744 0.031392
0 0.214195 0.432176 0.039344 0.025074
0 0.176764 0.410221 0.035318 0.027403
0 0.431346 0.899665 0.035456 0.027359
0 0.407079 0.925712 0.020290 0.030884
0 1.022917 0.322975 0.044971 0.014732
0 0.976717 0.332463 0.042965 0.019824
0 0.938499 0.347044 0.029292 0.028752
0 0.915232 0.374429 0.032858 0.027663
0 0.598260 0.758031 0.046592 0.013536
0 0.549955 0.754614 0.046167 0.015741
0 0.928049 0.041772 0.025318 0.029750
0 0.914873 0.011647 0.030295 0.028572
0 1.084438 0.320171 0.030497 0.028019
0 1.062944 0.292703 0.034237 0.026494
0 0.901834 0.402873 0.039441 0.023096
0 0.862594 0.420936 0.039625 0.022926
0 1.240143 0.354875 0.030008 0.027790
0 1.243735 0.382102 0.027126 0.028587
0 0.420998 0.012254 0.023333 0.028803
0 0.412423 -0.015312 0.028283 0.027918
0 0.500224 0.494158 0.025955 0.029715
0 0.516351 0.466931 0.031254 0.028369
0 0.498253 0.424325 0.037985 0.025133
0 0.529643 0.400476 0.038114 0.025043
0 1.242363 0.274994 0.042421 0.018609
0 1.213836 0.282839 0.041629 0.019880
0 0.038552 0.189506 0.035885 0.024845
0 0.008007 0.166738 0.032804 0.026425
0 -0.198442 0.352931 0.043206 0.017658
0 -0.243003 0.345391 0.044046 0.014308
0 0.703346 0.970018 0.034730 0.024572
0 0.673461 0.980178 0.042282 0.014905
0 -0.045018 0.502227 0.029516 0.027634
0 -0.041558 0.531955 0.025588 0.028629
0 0.062661 0.807859 0.027508 0.028871
0 0.027827 0.826386 0.041920 0.020605
0 0.578450 0.022412 0.041384 0.015668
0 0.537716 0.023249 0.036319 0.022754
0 0.624791 0.138443 0.035208 0.021828
0 0.619386 0.160530 0.019987 0.026712
0 0.705948 0.688879 0.040642 0.018369
0 0.663170 0.687668 0.041602 0.016489
0 0.825508 -0.022746 0.030613 0.026791
0 0.791044 -0.039551 0.027491 0.027657
0 0.521459 0.438019 0.026358 0.026992
0 0.539416 0.414611 0.035654 0.023089
0 0.662693 0.314399 0.041349 0.014697
0 0.619479 0.313393 0.041021 0.016480
0 1.055586 0.314871 0.026602 0.026412
0 1.031224 0.292263 0.036638 0.021451
0 0.743184 0.461175 0.033590 0.028356
0 0.709944 0.453635 0.045203 0.018470
0 0.622222 0.921201 0.021288 0.033081
0 0.636653 0.888405 0.029980 0.031860
0 0.942156 0.418160 0.037634 0.027363
0 0.902350 0.439122 0.043578 0.022862
0 -0.083834 0.811373 0.046831 0.016912
0 -0.131205 0.816538 0.047265 0.014715
0 0.301253 0.936862 0.040123 0.025574
0 0.261616 0.955829 0.039132 0.026287
0 0.513619 0.982264 0.020051 0.031833
0 0.500723 1.013947 0.032265 0.029814
0 1.270111 0.298316 0.020771 0.031190
0 1.254272 0.327235 0.040603 0.024548
0 0.814084 0.888118 0.042044 0.022058
0 0.785212 0.899921 0.045717 0.013916
0 0.205715 0.448271 0.036317 0.025484
0 0.170276 0.428787 0.042150 0.020253
0 -0.188307 0.654903 0.032352 0.029272
0 -0.203363 0.624908 0.035608 0.027864
0 0.191840 0.816862 0.044405 0.018172
0 0.171292 0.798591 0.039615 0.023987
0 0.386589 1.008334 0.044531 0.017419
0 0.357878 0.991990 0.045358 0.013415
0 0.502558 0.556811 0.026106 0.029459
0 0.536807 0.538325 0.041157 0.022080
0 -0.123004 0.713036 0.043879 0.017685
0 -0.168055 0.709268 0.042590 0.019815
0 -0.029455 0.775953 0.028489 0.028419
0 -0.033521 0.746829 0.020192 0.029583
0 1.107322 0.862790 0.035741 0.024327
0 1.108308 0.888398 0.025537 0.028119
0 0.250340 0.776892 0.026221 0.029886
0 0.249939 0.747083 0.038318 0.025201
0 1.105861 0.664508 0.023567 0.028327
0 1.115310 0.635733 0.031906 0.026288
0 0.120899 0.179480 0.041450 0.019416
0 0.151997 0.185077 0.039363 0.022024
0 -0.031623 0.226644 0.035396 0.025625
0 -0.061400 0.203089 0.037822 0.024154
0 0.676757 0.358013 0.033457 0.025252
0 0.649188 0.334755 0.028930 0.027019
0 1.287323 0.591190 0.041109 0.015142
0 1.257538 0.609634 0.033145 0.024429
0 1.280126 0.622846 0.020971 0.027580
0 1.266283 0.649188 0.024790 0.027225
0 0.395975 0.949017 0.042475 0.015870
0 0.354680 0.943496 0.040873 0.019232
0 0.663537 0.257222 0.041721 0.016004
0 0.619716 0.260609 0.042195 0.013400
0 -0.241683 0.720802 0.026077 0.027175
0 -0.257133 0.693655 0.029984 0.026101
0 0.890321 0.958450 0.037865 0.016984
0 0.850070 0.957504 0.038752 0.013733
0 -0.043702 0.080425 0.031174 0.025791
0 -0.076530 0.062285 0.039313 0.020046
0 1.137286 0.832321 0.030792 0.024025
0 1.104325 0.842478 0.030841 0.023996
0 0.643796 0.496731 0.033226 0.023821
0 0.638860 0.471490 0.030319 0.025275
0 0.533493 0.824620 0.027226 0.030845
0 0.530746 0.791976 0.022812 0.031329
0 0.947430 0.701337 0.036609 0.028063
0 0.911595 0.725817 0.045915 0.019810
0 0.154566 0.767744 0.032896 0.030815
0 0.117340 0.747494 0.039069 0.028059
0 0.682117 0.717959 0.046065 0.013371
0 0.634443 0.713991 0.045611 0.015930
0 1.312921 0.397050 0.035397 0.028745
0 1.308717 0.366304 0.031847 0.030084
0 1.314339 0.337889 0.046760 0.018580
0 1.361907 0.329114 0.044643 0.021987
0 0.229797 0.603039 0.023355 0.029984
0 0.236582 0.634519 0.024502 0.029915
0 -0.268008 0.360918 0.029685 0.028927
0 -0.254330 0.389156 0.026552 0.029752
0 0.351223 0.827449 0.044640 0.016568
0 0.400258 0.824324 0.044338 0.017527
0 0.681151 0.057347 0.040712 0.022030
0 0.639170 0.068956 0.039471 0.023123
0 0.953667 0.254335 0.039009 0.023669
0 0.941031 0.227529 0.032131 0.027643
0 0.602523 0.533701 0.038887 0.022990
0 0.574972 0.509588 0.034987 0.025645
0 0.945161 0.268880 0.038814 0.022087
0 0.922327 0.244989 0.021090 0.028717
0 0.273634 0.681576 0.041931 0.018609
0 0.242227 0.701989 0.035609 0.024889
0 0.516849 0.056156 0.041058 0.017358
0 0.486507 0.039317 0.020942 0.027929
0 -0.010904 0.749215 0.020235 0.029373
0 -0.006981 0.778142 0.028622 0.028145
0 0.180536 0.368071 0.040753 0.019761
0 0.139610 0.379902 0.038413 0.022326
0 0.598204 0.115853 0.030966 0.026359
0 0.592649 0.136895 0.033431 0.025183
0 0.087127 0.690059 0.042310 0.022389
0 0.075790 0.667435 0.040802 0.023749
0 0.278129 0.615023 0.024592 0.028186
0 0.283939 0.644665 0.022305 0.028354
0 0.098246 0.131429 0.021283 0.028737
0 0.095437 0.161418 0.022073 0.028648
0 0.828944 0.876609 0.039988 0.020096
0 0.788146 0.864645 0.036958 0.023024
0 1.039283 0.533659 0.044303 0.013977
0 1.078543 0.523631 0.044049 0.015013
0 -0.199026 0.712526 0.026752 0.027354
0 -0.204769 0.688098 0.039573 0.020189
0 0.940485 0.532863 0.036376 0.021546
0 0.905927 0.549847 0.036594 0.021341
0 0.001601 0.339609 0.026542 0.023951
0 -0.005142 0.362112 0.025940 0.024138
0 1.045857 0.726963 0.048351 0.018060
0 1.031115 0.702543 0.035824 0.029618
0 0.581066 0.881907 0.035459 0.027913
0 0.556211 0.853532 0.033305 0.028917
0 0.637623 -0.032823 0.037630 0.026987
0 0.599081 -0.050170 0.036177 0.027750
0 0.698217 0.410491 0.027724 0.029109
0 0.718066 0.383270 0.022579 0.029807
0 -0.281779 0.508838 0.041435 0.020820
0 -0.322359 0.493930 0.039491 0.022758
0 -0.055564 0.747921 0.019955 0.029588
0 -0.054385 0.777502 0.029380 0.028158
0 0.361320 -0.043316 0.043640 0.013427
0 0.316065 -0.041969 0.043248 0.015383
0 0.771777 0.041850 0.043780 0.018128
0 0.726376 0.049767 0.044542 0.015521
0 1.123842 0.778532 0.038306 0.022321
0 1.112534 0.804833 0.036529 0.023841
0 0.069471 0.896950 0.038108 0.022724
0 0.026844 0.903251 0.043034 0.014402
0 0.517559 0.118557 0.039791 0.018106
0 0.475133 0.123832 0.040880 0.015250
0 -0.118168 0.252507 0.043945 0.016703
0 -0.164522 0.250665 0.044557 0.013402
0 0.855925 0.545263 0.026422 0.027770
0 0.863237 0.515225 0.023779 0.028157
0 0.317938 0.511548 0.043237 0.013310
0 0.275838 0.502701 0.043220 0.013555
0 0.737295 0.151105 0.023124 0.028512
0 0.736640 0.121167 0.023110 0.028512
0 0.388432 0.188325 0.041062 0.013309
0 0.359538 0.179257 0.033234 0.024018
0 0.262033 0.017953 0.035849 0.024767
0 0.250069 -0.010207 0.022783 0.028739
0 0.319711 0.461934 0.038526 0.020085
0 0.282655 0.470091 0.038862 0.019614
0 0.295251 0.114367 0.034867 0.022735
0 0.263807 0.133675 0.035818 0.021890
0 -0.297273 0.285949 0.022922 0.026119
0 -0.309121 0.259584 0.021913 0.026179
0 0.314277 0.949094 0.036122 0.023449
0 0.278438 0.965623 0.035169 0.024081
0 -0.212338 0.542455 0.041843 0.016660
0 -0.254859 0.533098 0.040385 0.019274
0 0.697584 0.305931 0.039305 0.019541
0 0.659640 0.293946 0.032964 0.024636
0 0.628675 0.299715 0.041103 0.016135
0 0.590270 0.287047 0.040373 0.017817
0 1.238557 0.651873 0.032232 0.023575
0 1.205762 0.668999 0.038232 0.018227
0 1.319201 0.661832 0.039912 0.014907
0 1.285078 0.660371 0.030144 0.024923
0 0.609012 0.003672 0.040532 0.014830
0 0.566311 0.005873 0.040831 0.013697
0 0.848011 0.302536 0.036819 0.019042
0 0.811975 0.314693 0.038769 0.014484
0 1.323340 0.493605 0.033304 0.021147
0 1.343806 0.471443 0.024857 0.024765
0 0.124597 0.369108 0.035297 0.020917
0 0.097440 0.388726 0.038987 0.014822
0 0.085505 0.874753 0.044928 0.018684
0 0.042279 0.887496 0.045914 0.015443
0 0.124878 0.005196 0.042804 0.024491
0 0.088441 0.028229 0.040957 0.026060
0 0.116944 -0.010112 0.041262 0.023408
0 0.081261 0.011400 0.039066 0.025292
0 0.921459 0.192496 0.047000 0.015946
0 0.873030 0.189026 0.045905 0.019073
0 0.441076 0.342175 0.022512 0.029661
0 0.436529 0.372989 0.022311 0.029689
0 1.061456 0.089313 0.032125 0.027124
0 1.024913 0.104603 0.037464 0.024269
0 1.277128 0.434485 0.038768 0.024044
0 1.243307 0.455683 0.034169 0.026805
0 -0.109362 0.076592 0.022570 0.028789
0 -0.134563 0.100798 0.037026 0.024036
0 0.760727 0.166835 0.019993 0.028985
0 0.757428 0.136561 0.021025 0.028932
0 0.127980 0.024076 0.038378 0.022823
0 0.095004 0.044875 0.036447 0.024386
0 0.045259 0.409389 0.024782 0.028624
0 0.029616 0.437601 0.033616 0.025914
0 0.447736 0.526077 0.041683 0.018388
0 0.492969 0.519088 0.042295 0.017308
0 1.211175 0.189683 0.040587 0.021957
0 1.167549 0.180627 0.043045 0.018491
0 -0.023550 0.210178 0.035584 0.025151
0 -0.053916 0.187328 0.037245 0.024126
0 1.179471 0.641200 0.041975 0.013825
0 1.144310 0.627376 0.027501 0.026976
0 0.598716 0.052763 0.035655 0.022860
0 0.560541 0.053806 0.040655 0.016800
0 -0.210321 0.215652 0.037909 0.021648
0 -0.239883 0.209658 0.040571 0.018283
0 0.109062 0.707626 0.041051 0.020677
0 0.069589 0.724003 0.039482 0.022278
0 1.068023 0.180464 0.029946 0.026698
0 1.093202 0.155975 0.032973 0.025413
0 0.734541 0.206292 0.022666 0.026489
0 0.734059 0.179346 0.029306 0.025114
0 0.178611 0.637896 0.041747 0.017118
0 0.138800 0.624658 0.039212 0.021028
0 0.205443 0.585270 0.021045 0.027806
0 0.176098 0.563442 0.029423 0.026316
0 0.563390 0.523288 0.035175 0.025224
0 0.546576 0.496559 0.023365 0.028816
0 0.537540 -0.041649 0.035917 0.023102
0 0.496469 -0.035861 0.041794 0.013502
0 1.135889 0.732000 0.041144 0.015870
0 1.092677 0.729927 0.041228 0.015050
0 0.140282 0.228672 0.021046 0.028719
0 0.144184 0.259902 0.024906 0.028370
0 1.031956 0.759151 0.041093 0.014416
0 0.990981 0.767271 0.040896 0.015407
0 0.068228 0.705186 0.042106 0.013942
0 0.024577 0.702377 0.040640 0.018346
0 -0.029348 0.323160 0.034189 0.023333
0 -0.055804 0.310478 0.025458 0.026648
0 -0.056476 0.332069 0.040416 0.015447
0 -0.092129 0.338690 0.039467 0.017860
0 0.358944 0.488805 0.041149 0.014014
0 0.318277 0.496724 0.041220 0.013580
0 0.920213 0.335591 0.023086 0.025506
0 0.902485 0.359812 0.028624 0.024259
0 -0.150775 0.779599 0.035490 0.021512
0 -0.189720 0.789065 0.038785 0.017610
0 0.428604 0.217319 0.040003 0.014205
0 0.386663 0.217966 0.039736 0.015630
0 1.269981 0.419093 0.036222 0.021009
0 1.230353 0.420105 0.040162 0.013296
0 0.788123 0.107314 0.035097 0.028969
0 0.756989 0.081405 0.039145 0.026876
0 1.190747 0.291963 0.036585 0.026361
0 1.169234 0.264345 0.035833 0.026765
0 0.717229 0.575925 0.044210 0.016425
0 0.671750 0.570716 0.044374 0.015205
0 0.360228 0.294903 0.020435 0.028610
0 0.357012 0.324768 0.022350 0.028419
0 0.167068 0.086259 0.021947 0.028955
0 0.142074 0.108478 0.029018 0.027730
0 0.411310 0.122430 0.038590 0.021870
0 0.378569 0.102027 0.034084 0.025072
0 0.397366 0.231534 0.041579 0.016818
0 0.353636 0.231782 0.042247 0.013655
0 1.035244 0.336811 0.041189 0.015128
0 0.993025 0.343848 0.039623 0.018863
0 0.464819 0.186971 0.040128 0.014723
0 0.428957 0.182945 0.035692 0.021767
0 0.286056 0.321628 0.035159 0.023257
0 0.267165 0.295897 0.024365 0.027221
0 0.249015 0.276591 0.039874 0.018206
0 0.210685 0.285845 0.040816 0.016397
0 0.685019 0.134827 0.033575 0.023215
0 0.654492 0.115560 0.036257 0.021104
0 0.352830 0.737764 0.026333 0.027348
0 0.323377 0.761011 0.030648 0.026125
0 0.595217 0.557631 0.038539 0.020494
0 0.637466 0.546172 0.039583 0.018931
0 0.816360 0.292657 0.026908 0.025294
0 0.801979 0.266653 0.025537 0.025709
0 0.756356 0.747729 0.021288 0.027764
0 0.761179 0.719997 0.032737 0.024904
0 -0.158662 0.451830 0.025534 0.025544
0 -0.163894 0.424704 0.020201 0.026150
0 0.219889 0.538722 0.034099 0.029710
0 0.224472 0.569880 0.024960 0.031917
0 1.211786 0.253002 0.035408 0.026275
0 1.253175 0.262068 0.043028 0.019461
0 0.244308 0.903287 0.026748 0.029561
0 0.229467 0.931231 0.039917 0.023538
0 0.532957 0.558046 0.038850 0.023080
0 0.573800 0.544784 0.043803 0.014948
0 0.056895 0.448423 0.043683 0.013687
0 0.101852 0.452832 0.043356 0.015071
0 0.234211 0.298491 0.038664 0.023515
0 0.191605 0.298708 0.043450 0.017590
0 0.528166 0.515003 0.028665 0.027687
0 0.527429 0.484615 0.030884 0.027091
0 0.221024 0.727194 0.022255 0.027956
0 0.228176 0.754701 0.034660 0.024327
0 0.589305 0.162110 0.036176 0.022479
0 0.547834 0.171758 0.040244 0.017750
0 0.981727 0.433231 0.035037 0.024669
0 0.948891 0.453789 0.037000 0.023368
0 0.518222 0.281472 0.034269 0.024067
0 0.512668 0.258807 0.039279 0.019769
0 -0.067882 0.504182 0.028816 0.026273
0 -0.064440 0.532337 0.024955 0.027249
0 0.399577 0.017596 0.022033 0.026024
0 0.386131 -0.007263 0.020823 0.026185
0 0.309266 0.726724 0.022937 0.027575
0 0.303061 0.754999 0.029934 0.026131
0 0.137064 0.854169 0.037757 0.019019
0 0.099056 0.856823 0.039354 0.016112
0 0.040752 0.209667 0.039959 0.019977
0 0.008242 0.189601 0.035628 0.023954
0 0.377806 0.019817 0.022092 0.027307
0 0.363832 -0.007023 0.021747 0.027355
0 0.837235 0.005530 0.028652 0.025925
0 0.807789 -0.012317 0.028314 0.026008
0 0.799733 0.544304 0.020685 0.026432
0 0.793564 0.514918 0.020949 0.026409
0 0.705224 0.526214 0.038307 0.017824
0 0.666326 0.516918 0.039450 0.014613
0 0.550981 -0.010069 0.038184 0.017820
0 0.524180 0.007102 0.039199 0.015630
0 1.154530 0.602843 0.020201 0.026533
0 1.177873 0.583006 0.027566 0.025355
0 1.254244 0.501058 0.035929 0.020192
0 1.217847 0.488584 0.037789 0.017640
0 0.231624 0.230443 0.021303 0.025908
0 0.239051 0.257078 0.023631 0.025719
0 0.947086 0.654562 0.023200 0.031360
0 0.934911 0.685636 0.031827 0.029719
0 -0.266457 0.247881 0.021919 0.029024
0 -0.268376 0.275983 0.035404 0.025207
0 0.150319 0.663930 0.040610 0.020462
0 0.111678 0.647844 0.037526 0.023402
0 0.496223 0.327889 0.039887 0.019963
0 0.455686 0.321908 0.036162 0.023512
0 0.460062 0.107299 0.038356 0.018177
0 0.424628 0.092330 0.034260 0.022542
0 1.193003 0.701742 0.038546 0.018980
0 1.156221 0.687391 0.037538 0.020362
0 0.515569 0.631015 0.033626 0.024141
0 0.485983 0.610379 0.029348 0.026056
0 0.206055 0.408898 0.036969 0.021661
0 0.176774 0.388892 0.039018 0.019530
0 0.980909 0.907270 0.039751 0.018254
0 0.940579 0.916489 0.041315 0.013338
0 0.675116 0.409792 0.026538 0.026344
0 0.694464 0.382790 0.025030 0.026700
0 -0.245478 0.284587 0.034914 0.020151
0 -0.277571 0.301063 0.033204 0.021653
0 -0.088571 0.740884 0.040237 0.016868
0 -0.130435 0.746973 0.039674 0.017856
0 -0.332246 0.467679 0.019902 0.026832
0 -0.314437 0.445513 0.019936 0.026831
0 0.245079 0.062095 0.039416 0.015002
0 0.203896 0.057226 0.039154 0.016400
0 0.700354 0.703162 0.043319 0.018845
0 0.652772 0.701109 0.044231 0.017019
0 0.336446 0.285943 0.021969 0.028341
0 0.336261 0.315520 0.024376 0.028149
0 0.247260 0.805297 0.034849 0.026164
0 0.223258 0.780511 0.020080 0.029691
0 0.398328 0.172253 0.039699 0.018021
0 0.362416 0.158687 0.040844 0.014675
0 0.277836 0.342449 0.027011 0.028368
0 0.254312 0.316924 0.030439 0.027426
0 0.784429 -0.011327 0.028394 0.026761
0 0.767441 -0.038432 0.025069 0.027606
0 0.477251 0.553835 0.031968 0.025398
0 0.503813 0.532338 0.040989 0.017301
0 -0.197806 0.177272 0.040870 0.020967
0 -0.238869 0.176911 0.042642 0.018206
0 -0.096395 0.721999 0.031910 0.026044
0 -0.135171 0.731916 0.041386 0.017992
0 0.319357 0.479888 0.039105 0.017832
0 0.281639 0.487243 0.040099 0.015029
0 1.077072 0.858900 0.021322 0.026458
0 1.083581 0.886142 0.021194 0.026474
0 0.418798 0.067025 0.021874 0.025624
0 0.420960 0.040497 0.024136 0.025462
0 0.517450 0.578126 0.040518 0.014021
0 0.554452 0.565458 0.036268 0.021484
0 0.507679 0.295833 0.033025 0.023395
0 0.486542 0.272572 0.020218 0.026750
0 0.076087 0.842847 0.036520 0.019654
0 0.040631 0.856647 0.035011 0.020992
0 0.230983 0.680128 0.037303 0.020310
0 0.202214 0.659259 0.029833 0.025114
0 0.578682 0.255856 0.038936 0.017352
0 0.542515 0.268088 0.032028 0.023763
0 -0.288319 0.441362 0.028121 0.025316
0 -0.271110 0.416599 0.021220 0.026532
0 -0.158999 0.757168 0.026772 0.025984
0 -0.170941 0.730170 0.026867 0.025955
0 1.154691 0.544674 0.038536 0.014967
0 1.117276 0.536939 0.038479 0.015521
0 0.781334 0.702123 0.036121 0.020606
0 0.742436 0.702556 0.039246 0.015782
0 0.615937 0.881256 0.026300 0.026031
0 0.601674 0.907730 0.025058 0.026331
0 0.570538 0.395828 0.037173 0.018561
0 0.618428 0.385972 0.034619 0.021224
0 0.571016 0.111858 0.022103 0.024417
0 0.560679 0.136410 0.024717 0.024123
0 0.506794 0.393873 0.032111 0.021475
0 0.480998 0.413924 0.031832 0.021645
0 1.120330 0.681717 0.033378 0.020712
0 1.082682 0.685817 0.037623 0.013396
0 0.200532 0.348325 0.036103 0.017011
0 0.163044 0.357457 0.035535 0.017905
0 0.939005 0.176537 0.031283 0.013217
0 0.905965 0.179118 0.031022 0.014542
0 0.821724 0.465214 0.042513 0.018463
0 0.776705 0.464990 0.043454 0.016240
0 -0.040992 0.426005 0.042207 0.017734
0 -0.083706 0.435519 0.042899 0.015085
0 0.422242 0.692089 0.021605 0.029012
0 0.427078 0.722151 0.021623 0.029010
0 0.872088 0.883953 0.043116 0.015228
0 0.917357 0.886049 0.043116 0.015215
0 0.139833 0.414062 0.040869 0.017967
0 0.098839 0.422744 0.041963 0.014471
0 0.335754 0.138182 0.027409 0.026101
0 0.331912 0.110336 0.032348 0.024271
0 0.372028 0.075066 0.031249 0.025852
0 0.375109 0.048503 0.022245 0.027802
0 0.948683 0.083985 0.042395 0.016834
0 0.907732 0.075794 0.041334 0.018765
0 0.389079 0.541876 0.037922 0.020877
0 0.354130 0.525112 0.033097 0.024349
0 1.116917 0.334055 0.030292 0.026032
0 1.099579 0.307242 0.028653 0.026486
0 0.321889 0.024729 0.039324 0.019609
0 0.281594 0.036135 0.039928 0.018545
0 0.315208 0.310966 0.024019 0.026653
0 0.307947 0.337978 0.031928 0.024215
0 0.080627 0.465574 0.041317 0.016011
0 0.123797 0.467559 0.041271 0.016222
0 0.193696 0.510145 0.029351 0.025319
0 0.205246 0.483245 0.021811 0.026768
0 0.685343 0.736283 0.038057 0.020720
0 0.724847 0.720096 0.038728 0.019955
0 0.005355 0.815511 0.041429 0.015525
0 -0.037914 0.812990 0.041278 0.016331
0 -0.115930 0.534821 0.033706 0.023538
0 -0.146193 0.554996 0.036460 0.021451
0 0.658761 0.024870 0.036379 0.019575
0 0.619225 0.019435 0.038645 0.014965
0 0.899053 0.899756 0.040312 0.013854
0 0.856772 0.897165 0.040016 0.015058
0 0.502778 0.771327 0.036823 0.020855
0 0.471148 0.750955 0.032969 0.023665
0 0.895838 0.042656 0.039669 0.015494
0 0.868169 0.024318 0.035964 0.021137
0 0.960759 0.566451 0.038243 0.016320
0 0.975563 0.585821 0.035868 0.019930
0 1.222718 0.802675 0.036057 0.013704
0 1.186491 0.808828 0.036115 0.013308
0 0.170320 0.508342 0.028210 0.024361
0 0.183143 0.482945 0.021457 0.025612
0 0.783632 0.780243 0.039312 0.017673
0 0.745595 0.768648 0.040189 0.015071
0 0.612322 0.692450 0.029577 0.024788
0 0.596858 0.666584 0.024818 0.026078
0 -0.057991 0.827065 0.037771 0.014109
0 -0.097774 0.827503 0.037589 0.014834
0 0.310629 0.205212 0.036213 0.015262
0 0.300183 0.186618 0.029689 0.022062
0 1.209772 0.788485 0.034677 0.014066
0 1.174179 0.793438 0.034607 0.014243
0 1.170885 0.676249 0.034727 0.019231
0 1.136219 0.664011 0.034685 0.019272
0 0.572901 0.152291 0.032144 0.020240
0 0.537210 0.158459 0.034786 0.017270
0 0.183301 0.122457 0.029893 0.022034
0 0.165241 0.145067 0.028690 0.022686
0 -0.021283 0.538631 0.023469 0.022086
0 -0.033402 0.561080 0.024723 0.021693
0 0.843042 0.357004 0.038648 0.021941
0 0.800582 0.360264 0.042506 0.015688
0 0.645546 0.410131 0.036821 0.023143
0 0.669776 0.384441 0.027934 0.027229
0 1.090782 0.087551 0.021266 0.028065
0 1.075634 0.113941 0.021033 0.028087
0 0.457633 0.997547 0.037911 0.022171
0 0.422413 1.016681 0.038579 0.021597
0 0.137330 0.922617 0.038262 0.020088
0 0.100993 0.907683 0.039452 0.018201
0 1.283623 0.730243 0.034587 0.024132
0 1.249333 0.713154 0.032806 0.025024
0 0.713796 0.140261 0.020799 0.027720
0 0.692217 0.163841 0.026402 0.027035
0 -0.006170 0.082242 0.038887 0.017515
0 -0.033227 0.062468 0.035441 0.021581
0 0.709670 0.193927 0.022783 0.025241
0 0.714091 0.167642 0.025375 0.024858
0 0.764724 0.287969 0.027163 0.024720
0 0.752880 0.263133 0.033224 0.022107
0 0.842512 0.584576 0.035346 0.019974
0 0.806840 0.569226 0.035340 0.019978
0 0.760259 0.510531 0.038255 0.014377
0 0.720728 0.514472 0.037039 0.017655
0 0.897821 0.914735 0.040244 0.013790
0 0.855645 0.911962 0.040033 0.014601
0 -0.225033 0.583500 0.035043 0.022215
0 -0.239820 0.558066 0.021310 0.026745
0 1.322004 0.530619 0.038114 0.016272
0 1.286041 0.518109 0.035122 0.020382
0 0.010863 0.846686 0.032659 0.021344
0 -0.018794 0.830692 0.037174 0.015658
0 0.283784 0.743135 0.025425 0.023259
0 0.275543 0.767788 0.021061 0.023940
0 0.490111 -0.071716 0.034491 0.018837
0 0.459265 -0.087204 0.034732 0.018537
0 1.160655 0.288474 0.028978 0.028713
0 1.137942 0.261205 0.033287 0.027330
0 -0.312038 0.400425 0.033119 0.025586
0 -0.292353 0.373755 0.028311 0.027327
0 1.232947 0.768326 0.031173 0.026212
0 1.249740 0.741666 0.034751 0.024441
0 0.435054 0.115202 0.038438 0.020834
0 0.400877 0.097057 0.033677 0.024367
0 0.591767 0.449739 0.031950 0.024016
0 0.566438 0.427316 0.033890 0.023025
0 1.241820 0.671323 0.036627 0.019763
0 1.205693 0.684816 0.037848 0.017870
0 1.040727 0.484444 0.035996 0.020302
0 1.012899 0.464075 0.030865 0.023754
0 0.549060 0.113114 0.022192 0.025615
0 0.536394 0.136995 0.019985 0.025844
0 0.195816 0.556976 0.028532 0.025099
0 0.174879 0.534482 0.020250 0.026502
0 0.156588 0.895829 0.033643 0.021266
0 0.125353 0.879109 0.031221 0.022740
0 0.721372 0.498804 0.038010 0.018281
0 0.683449 0.503427 0.039593 0.014191
0 0.459477 0.259722 0.025729 0.025465
0 0.435265 0.237959 0.031360 0.023444
0 0.188301 0.461854 0.036172 0.016955
0 0.165515 0.443636 0.035550 0.017924
0 -0.132209 0.566912 0.031252 0.018899
0 -0.163860 0.578201 0.030771 0.019348
0 0.522530 0.905034 0.037867 0.022431
0 0.482818 0.918643 0.040381 0.019765
0 0.287473 0.792827 0.033743 0.024620
0 0.311618 0.817432 0.029528 0.026472
0 0.430804 0.163453 0.040844 0.014346
0 0.393939 0.149981 0.037753 0.020648
0 0.342167 0.084583 0.038820 0.018679
0 0.302077 0.094492 0.040073 0.016526
0 1.190953 0.426688 0.036393 0.018111
0 1.153891 0.436902 0.036288 0.018313
0 0.340453 -0.027692 0.037468 0.015092
0 0.301239 -0.023316 0.036781 0.017001
0 0.633528 0.123417 0.033945 0.020717
0 0.616260 0.101904 0.035182 0.019691
0 0.238110 0.149594 0.037179 0.016336
0 0.201117 0.140046 0.037245 0.016175
0 0.529280 -0.022060 0.037746 0.013206
0 0.489514 -0.020806 0.037670 0.013808
0 1.159302 0.815436 0.025327 0.022608
0 1.144332 0.792804 0.023643 0.023094
0 0.892923 0.253097 0.033625 0.021140
0 0.856897 0.264387 0.036389 0.018246
0 0.129990 0.545548 0.020714 0.025072
0 0.127499 0.519466 0.024463 0.024689
0 0.493103 0.956057 0.023971 0.026037
0 0.490487 0.983256 0.020728 0.026323
0 -0.153248 0.404028 0.037007 0.013776
0 -0.117529 0.395519 0.036595 0.015796
0 0.957872 0.595667 0.034564 0.018071
0 0.921583 0.587722 0.034818 0.017568
0 0.912443 0.601030 0.034857 0.017480
0 0.874644 0.598932 0.036322 0.013657
0 1.105233 0.281399 0.031080 0.023501
0 1.083163 0.258196 0.028885 0.024522
0 0.381770 0.203306 0.035550 0.013807
0 0.345191 0.198186 0.034818 0.016393
0 0.846685 0.319932 0.033438 0.018622
0 0.811601 0.329471 0.035561 0.014076
0 0.069231 0.198681 0.023221 0.028441
0 0.072836 0.228751 0.021048 0.028653
0 0.265719 0.390984 0.040213 0.015581
0 0.223290 0.394655 0.040619 0.013398
0 -0.309310 0.582926 0.035129 0.023918
0 -0.332224 0.558617 0.038695 0.020992
0 0.062802 0.617367 0.039895 0.015848
0 0.104297 0.611697 0.039585 0.016823
0 0.031395 0.388264 0.029054 0.025825
0 0.019800 0.415771 0.026256 0.026597
0 0.155729 0.596547 0.033404 0.023365
0 0.132666 0.572580 0.029876 0.025090
0 0.549162 0.073083 0.034676 0.021191
0 0.579338 0.091390 0.035762 0.020288
0 1.082210 0.139756 0.030272 0.024451
0 1.103974 0.115952 0.030443 0.024369
0 1.116316 0.131384 0.031819 0.024493
0 1.143588 0.109570 0.031809 0.024498
0 0.633398 0.760968 0.026659 0.025808
0 0.653712 0.736288 0.031414 0.024129
0 0.569807 0.482875 0.026816 0.026321
0 0.546335 0.459930 0.027143 0.026222
0 0.123494 0.200258 0.035757 0.020853
0 0.158502 0.214224 0.031081 0.023940
0 0.724521 0.244003 0.033190 0.021178
0 0.693991 0.226905 0.033118 0.021242
0 1.181368 0.772919 0.026943 0.024765
0 1.168513 0.747391 0.029506 0.024023
0 0.362607 0.385168 0.035041 0.017178
0 0.330832 0.400419 0.031473 0.020983
0 -0.031879 0.595743 0.037933 0.018027
0 -0.072565 0.604954 0.038468 0.017274
0 0.687621 0.006466 0.037580 0.014134
0 0.648623 0.004947 0.036502 0.017271
0 -0.177437 0.340387 0.036703 0.015959
0 -0.215412 0.333463 0.036554 0.016324
0 -0.064343 0.265571 0.022955 0.024024
0 -0.053252 0.241024 0.024340 0.023827
0 0.875667 0.313671 0.020601 0.024740
0 0.872939 0.339766 0.021655 0.024597
0 0.844026 0.337408 0.035417 0.018103
0 0.806505 0.344757 0.036866 0.014867
0 0.641349 0.164578 0.019830 0.024388
0 0.655793 0.141498 0.024009 0.024012
0 0.396003 0.505011 0.035878 0.014177
0 0.358121 0.503598 0.035959 0.013940
0 0.578334 0.240354 0.033017 0.016606
0 0.543764 0.248483 0.033746 0.015435
0 0.085413 0.183104 0.025524 0.018037
0 0.095108 0.202686 0.023982 0.018795
0 0.678085 0.457343 0.030397 0.025627
0 0.656925 0.431424 0.028337 0.026215
0 -0.081457 0.770922 0.039073 0.018723
0 -0.120487 0.781963 0.036114 0.021991
0 0.628430 0.995893 0.042475 0.016327
0 0.581568 0.994842 0.043014 0.013363
0 1.281601 0.331180 0.029240 0.024845
0 1.263611 0.356294 0.028132 0.025149
0 0.381255 0.310000 0.021918 0.025886
0 0.376308 0.337332 0.024474 0.025681
0 0.370317 0.445580 0.039243 0.018291
0 0.331499 0.432411 0.038782 0.019096
0 -0.117814 0.441580 0.026187 0.025195
0 -0.103123 0.467242 0.030070 0.023979
0 0.462209 0.537821 0.037830 0.018060
0 0.442403 0.560339 0.032367 0.023121
0 0.642840 0.974398 0.028465 0.023984
0 0.656289 0.949210 0.025399 0.024837
0 0.231125 0.204376 0.027642 0.022929
0 0.214252 0.181313 0.024912 0.023686
0 1.345214 0.407730 0.026267 0.024491
0 1.326576 0.433518 0.027919 0.024071
0 0.815594 0.909764 0.037198 0.018431
0 0.775765 0.916143 0.038592 0.015800
0 0.938160 0.576591 0.036133 0.017747
0 0.900306 0.568865 0.037373 0.014935
0 1.078528 0.540812 0.036029 0.016804
0 1.041136 0.548136 0.036951 0.013706
0 0.098508 0.923194 0.036549 0.017121
0 0.059919 0.917049 0.037223 0.015776
0 0.579072 -0.070227 0.032971 0.020316
0 0.541503 -0.063584 0.034778 0.018708
0 1.026746 0.352444 0.036065 0.014608
0 0.990359 0.360474 0.035650 0.016339
0 0.970262 0.380117 0.030052 0.021708
0 0.942213 0.397487 0.034388 0.018368
0 0.501102 0.447966 0.021609 0.023425
0 0.486705 0.470222 0.026693 0.022498
0 -0.203245 0.255818 0.033772 0.015384
0 -0.237728 0.248332 0.032941 0.016729
0 0.136546 0.903989 0.031148 0.020028
0 0.105660 0.890418 0.032294 0.018985
0 0.270022 0.986853 0.034832 0.017090
0 0.234144 0.995739 0.035136 0.016695
0 1.365004 0.453193 0.020708 0.022913
0 1.355275 0.429900 0.020663 0.022919
0 0.650573 0.243553 0.033342 0.015645
0 0.614358 0.245703 0.033752 0.013800
0 0.176034 0.275673 0.024652 0.025637
0 0.163798 0.248986 0.025693 0.025404
0 0.511124 0.238973 0.030838 0.022462
0 0.488428 0.217458 0.032691 0.021460
0 0.138139 0.676348 0.038352 0.020188
0 0.101241 0.661286 0.036211 0.022112
0 0.134151 0.602449 0.032056 0.023506
0 0.112317 0.578472 0.029759 0.024655
0 0.558645 0.278726 0.030391 0.023591
0 0.537568 0.302073 0.028146 0.024489
0 1.052191 0.880141 0.037326 0.017764
0 1.015026 0.891418 0.037159 0.018025
0 0.214788 0.640630 0.026618 0.024567
0 0.210234 0.613316 0.022429 0.025347
0 0.397468 0.071232 0.022192 0.025396
0 0.397730 0.044508 0.022683 0.025388
0 1.043678 0.866081 0.035999 0.017383
0 1.007363 0.876292 0.035967 0.017422
0 1.002981 0.542074 0.035234 0.017421
0 0.974113 0.525193 0.031826 0.021046
0 -0.100257 0.164746 0.024970 0.024014
0 -0.113759 0.189468 0.026513 0.023545
0 0.301875 0.619141 0.022751 0.024694
0 0.306427 0.646057 0.021679 0.024747
0 0.158903 0.956159 0.033055 0.020738
0 0.130195 0.938302 0.033495 0.020330
0 0.404556 0.293523 0.021157 0.022737
0 0.401594 0.318606 0.022866 0.022632
0 0.618270 0.447480 0.029633 0.021971
0 0.595062 0.427029 0.028398 0.022636
0 0.199643 0.988360 0.033422 0.018727
0 0.166467 0.976160 0.034146 0.017755
0 -0.254106 0.462320 0.027273 0.022714
0 -0.233808 0.440874 0.028656 0.022139
